1 0.7390625 0.7859375 0.040625 0.040625
1 0.95 0.90390625 0.028125 0.0328125
1 0.909375 0.13046875 0.034375 0.0328125
1 0.7203125 0.175 0.03125 0.034375
1 0.865625 0.5828125 0.0375 0.034375
1 0.77734375 0.540625 0.0421875 0.0375
1 0.734375 0.0484375 0.034375 0.034375
1 0.540625 0.75234375 0.034375 0.0328125
1 0.58515625 0.434375 0.0484375 0.040625
2 0.940625 0.721875 0.028125 0.065625
2 0.90546875 0.50390625 0.0515625 0.0578125
2 0.9171875 0.31953125 0.071875 0.0265625
2 0.88125 0.725 0.065625 0.046875
2 0.8953125 0.98125 0.065625 0.034375
4 0.9796875 0.79765625 0.06875 0.0328125