0 0.4125 0.3546875 0.025 0.0375
0 0.7671875 0.8328125 0.021875 0.0375
0 0.80546875 0.29296875 0.0328125 0.0484375
0 0.609375 0.45859375 0.040625 0.0484375
1 0.46640625 0.21796875 0.0359375 0.0328125
1 0.9765625 0.8765625 0.021875 0.03125
2 0.0375 0.03671875 0.05 0.0421875
2 0.48125 0.80625 0.025 0.053125
2 0.365625 0.33125 0.0375 0.05
2 0.2671875 0.52109375 0.046875 0.0484375
2 0.36875 0.9 0.04375 0.046875
2 0.09375 0.42734375 0.0375 0.0421875
2 0.7296875 0.7421875 0.05 0.034375
2 0.8015625 0.73046875 0.046875 0.0234375
2 0.078125 0.32421875 0.04375 0.0484375
2 0.603125 0.6875 0.03125 0.04375
2 0.44375 0.1953125 0.046875 0.025
4 0.25625 0.009375 0.040625 0.025