0 0.29296875 0.659375 0.0421875 0.034375
0 0.1890625 0.59921875 0.034375 0.0484375
0 0.5953125 0.846875 0.05625 0.03125
2 0.1171875 0.240625 0.05625 0.04375
2 0.25859375 0.2703125 0.0546875 0.021875
2 0.3640625 0.53984375 0.025 0.0515625
2 0.36640625 0.35625 0.0484375 0.028125
2 0.10625 0.784375 0.04375 0.040625
2 0.6375 0.3984375 0.028125 0.05
2 0.42890625 0.88515625 0.0421875 0.0453125
2 0.51875 0.55703125 0.040625 0.0296875
3 0.6609375 0.1203125 0.025 0.021875
3 0.33359375 0.19609375 0.0328125 0.0453125
4 1 0.67578125 0.0375 0.1328125
4 0.02578125 0.1171875 0.0734375 0.034375