0 0.96171875 0.79375 0.0484375 0.040625
0 0.2984375 0.67734375 0.046875 0.0359375
2 0.959375 0.446875 0.0375 0.053125
2 0.796875 0.44375 0.04375 0.04375
2 0.64140625 0.515625 0.0421875 0.078125
2 0.37421875 0.478125 0.0734375 0.034375
2 0.46796875 0.475 0.0484375 0.046875
2 0.4015625 0.90625 0.0375 0.059375
2 0.14609375 0.9078125 0.0515625 0.046875
2 0.36484375 0.2140625 0.0359375 0.05625
2 0.584375 0.759375 0.053125 0.046875
2 0.6796875 0.96640625 0.059375 0.0421875
2 0.03359375 0.6984375 0.0328125 0.05625
2 0.265625 0.44296875 0.05625 0.0421875
3 0.8125 0.325 0.03125 0.0625
4 0.16015625 0.99140625 0.0265625 0.0203125