0 0.059375 0.7625 0.03125 0.0375
0 0.7046875 0.91875 0.0375 0.040625
0 0.7359375 0.8890625 0.040625 0.04375
0 0.72109375 0.78828125 0.0484375 0.0484375
0 0.6546875 0.565625 0.034375 0.0375
0 0.7734375 0.5765625 0.03125 0.0375
0 0.140625 0.8484375 0.040625 0.034375
0 0.21953125 0.75 0.0453125 0.046875
0 0.465625 0.88984375 0.01875 0.0328125
2 0.534375 0.22109375 0.040625 0.0578125
2 0.63984375 0.4234375 0.0296875 0.05
2 0.67578125 0.46875 0.0421875 0.04375
2 0.715625 0.5125 0.040625 0.0375
2 0.3515625 0.44921875 0.028125 0.0578125
2 0.3046875 0.09375 0.046875 0.05
2 0.7296875 0.7140625 0.04375 0.0375
2 0.33203125 0.03046875 0.0515625 0.0390625
3 0.28125 0.746875 0.040625 0.025
3 0.415625 0.128125 0.025 0.021875
4 0.14765625 0.996875 0.0203125 0.01875
4 0.15703125 0.00625 0.0296875 0.01875