1 0.9046875 0.9421875 0.0375 0.0375
1 0.715625 0.89375 0.03125 0.034375
1 0.634375 0.64375 0.0375 0.040625
1 0.40703125 0.79140625 0.0359375 0.0359375
1 0.27734375 0.5609375 0.0359375 0.0375
1 0.29296875 0.5171875 0.0390625 0.0375
1 0.05703125 0.715625 0.0390625 0.040625
1 0.284375 0.90390625 0.040625 0.0390625
1 0.871875 0.45625 0.034375 0.03125
1 0.134375 0.69765625 0.0375 0.0390625
1 0.778125 0.96015625 0.03125 0.0359375
2 0.86015625 0.86953125 0.0328125 0.0734375
2 0.77578125 0.8875 0.0546875 0.04375
2 0.20078125 0.39296875 0.0640625 0.0234375
3 0.7625 0.65234375 0.03125 0.0140625
3 0.503125 0.565625 0.025 0.01875
3 0.225 0.678125 0.025 0.0375
3 0.125 0.6125 0.028125 0.015625
3 0.48125 0.82578125 0.01875 0.0171875
3 0.74375 0.5703125 0.028125 0.028125
3 0.81328125 0.56328125 0.0640625 0.0203125
4 0.87890625 0.98984375 0.0453125 0.0296875
4 0.98984375 0.90078125 0.0359375 0.0421875