0 0.7484375 0.10625 0.025 0.0375
0 0.66875 0.3484375 0.01875 0.028125
0 0.5484375 0.04921875 0.040625 0.0421875
0 0.621875 0.28671875 0.034375 0.0421875
0 0.1765625 0.43125 0.040625 0.04375
0 0.0234375 0.509375 0.046875 0.040625
0 0.5421875 0.625 0.040625 0.046875
0 0.50859375 0.9484375 0.0421875 0.034375
0 0.65859375 0.8671875 0.0421875 0.028125
0 0.58125 0.7046875 0.046875 0.0375
2 0.7734375 0.70546875 0.028125 0.0546875
2 0.1484375 0.140625 0.04375 0.046875
3 0.17734375 0.69921875 0.0328125 0.0296875
4 0.97890625 0.01015625 0.0484375 0.0265625
4 0.2953125 0.99375 0.040625 0.028125