1 0.275 0.128125 0.04375 0.04375
1 0.734375 0.059375 0.034375 0.034375
1 0.765625 0.409375 0.04375 0.04375
1 0.84375 0.8015625 0.040625 0.034375
1 0.334375 0.8140625 0.040625 0.0375
1 0.48125 0.90625 0.04375 0.0375
1 0.7140625 0.7796875 0.0375 0.0375
1 0.2859375 0.58125 0.034375 0.04375
2 0.9171875 0.02734375 0.078125 0.0328125
2 0.89609375 0.98671875 0.0703125 0.0203125
2 0.97890625 0.6546875 0.0328125 0.06875
2 0.95 0.41328125 0.075 0.0328125
2 0.959375 0.91640625 0.05625 0.0484375
2 0.953125 0.1890625 0.053125 0.059375
3 0.603125 0.06796875 0.0125 0.0171875
4 0.97734375 0.1234375 0.0421875 0.06875
4 0.99296875 0.2609375 0.0109375 0.09375
4 0.9828125 0.6078125 0.028125 0.021875
4 0.9890625 0.92890625 0.015625 0.0328125
4 0.4859375 0.990625 0.0625 0.009375
