0 0.09921875 0.56875 0.0421875 0.04375
0 0.06875 0.33671875 0.0375 0.0328125
0 0.4125 0.759375 0.0375 0.0375
0 0.8765625 0.696875 0.034375 0.028125
0 0.79375 0.165625 0.025 0.03125
0 0.66484375 0.8421875 0.0390625 0.034375
2 0.94921875 0.071875 0.0421875 0.05625
2 0.57109375 0.24375 0.0578125 0.03125
2 0.521875 0.3171875 0.0375 0.0375
2 0.90234375 0.56875 0.0421875 0.05
2 0.740625 0.3796875 0.0375 0.0375
2 0.0125 0.59609375 0.025 0.0328125
2 0.14296875 0.484375 0.0296875 0.05
2 0.62109375 0.775 0.0390625 0.046875
2 0.5484375 0.8921875 0.034375 0.053125
2 0.340625 0.41171875 0.071875 0.0234375
2 0.1078125 0.18828125 0.04375 0.0421875
2 0.83125 0.62890625 0.059375 0.0296875
2 0.665625 0.54375 0.01875 0.046875
2 0.44609375 0.9140625 0.0484375 0.03125
2 0.7078125 0.6359375 0.025 0.04375
2 0.07265625 0.14375 0.0328125 0.053125
2 0.95 0.375 0.05625 0.025
2 0.60546875 0.0421875 0.0421875 0.04375
2 0.015625 0.3125 0.025 0.04375
3 0.4203125 0.83046875 0.0375 0.0171875
3 0.5140625 0.9703125 0.0375 0.028125
4 0.99921875 0.1171875 0.0140625 0.03125
4 0.715625 0.99296875 0.046875 0.0453125
4 0.3109375 0.9953125 0.028125 0.03125