0 0.325 0.659375 0.03125 0.040625
0 0.68984375 0.6828125 0.0328125 0.0375
0 0.31875 0.4484375 0.0375 0.0375
0 0.246875 0.2890625 0.040625 0.0375
0 0.83125 0.5109375 0.0375 0.040625
2 0.33984375 0.0890625 0.0390625 0.053125
2 0.29296875 0.14921875 0.0296875 0.0671875
2 0.5984375 0.35 0.0375 0.04375
2 0.215625 0.415625 0.0375 0.046875
2 0.025 0.125 0.053125 0.034375
3 0.21796875 1.00078125 0.0890625 0.0328125
3 0.00390625 0.56328125 0.0265625 0.0390625
4 0.74609375 0.009375 0.0578125 0.071875
4 0.31484375 0.02265625 0.0359375 0.0578125