1 0.9796875 0.06484375 0.0375 0.0390625
1 0.84453125 0.3453125 0.0296875 0.034375
1 0.71875 0.4109375 0.0375 0.0375
1 0.10859375 0.60859375 0.0421875 0.0359375
1 0.2625 0.8140625 0.0375 0.034375
1 0.5484375 0.903125 0.03125 0.034375
1 0.934375 0.9609375 0.03125 0.0375
1 0.85859375 0.68125 0.0328125 0.0375
1 0.6765625 0.846875 0.028125 0.025
1 0.39375 0.36875 0.0375 0.034375
1 0.203125 0.203125 0.0375 0.0375
1 0.65546875 0.5671875 0.0390625 0.0375
2 0.9 0.2 0.08125 0.01875
2 0.103125 0.26015625 0.0625 0.0359375
2 0.5 0.6328125 0.05 0.025
2 0.2875 0.57734375 0.025 0.0546875
2 0.0359375 0.4515625 0.03125 0.046875
2 0.0375 0.809375 0.05 0.053125
2 0.0390625 0.92421875 0.028125 0.0546875
2 0.08125 0.91484375 0.053125 0.0328125
2 0.56875 0.971875 0.0625 0.0375
2 0.81015625 0.5328125 0.0328125 0.04375
2 0.403125 0.89375 0.0375 0.040625
2 0.85078125 0.91953125 0.0359375 0.0578125
3 0.96484375 0.240625 0.0171875 0.0125
3 0.95 0.175 0.01875 0.01875
3 0.4625 0.40859375 0.009375 0.0171875
3 0.53359375 0.0953125 0.0390625 0.034375
3 0.678125 0.52421875 0.04375 0.0390625
4 0.0109375 0.48203125 0.040625 0.0203125
4 0.003125 0.47109375 0.01875 0.0265625
4 0.865625 0.00859375 0.0375 0.0234375