1 0.2296875 0.0984375 0.0375 0.0375
1 0.35 0.096875 0.0375 0.0375
1 0.1359375 0.41484375 0.040625 0.0421875
1 0.1265625 0.6 0.028125 0.034375
1 0.178125 0.69375 0.034375 0.0375
1 0.48125 0.56875 0.034375 0.034375
1 0.4453125 0.60546875 0.034375 0.0328125
1 0.46640625 0.63828125 0.0296875 0.0328125
1 0.384375 0.35 0.034375 0.0375
1 0.33125 0.3953125 0.040625 0.0375
1 0.584375 0.303125 0.03125 0.03125
1 0.5046875 0.2484375 0.025 0.0375
1 0.953125 0.0859375 0.0375 0.0375
1 0.79765625 0.44609375 0.0390625 0.0390625
1 0.5265625 0.66484375 0.03125 0.0328125
1 0.259375 0.8046875 0.0375 0.034375
1 0.553125 0.83984375 0.0375 0.0328125
1 0.73515625 0.91484375 0.0296875 0.0390625
1 0.60546875 0.434375 0.0421875 0.034375
1 0.7625 0.225 0.034375 0.040625
1 0.284375 0.45625 0.028125 0.034375
1 0.59765625 0.6578125 0.0421875 0.0375
1 0.0984375 0.76171875 0.0375 0.0328125
1 0.4375 0.228125 0.034375 0.040625
1 0.09375 0.259375 0.046875 0.05
1 0.0625 0.6765625 0.034375 0.0375
1 0.8125 0.61875 0.0375 0.034375
2 0.909375 0.92578125 0.05 0.0546875
2 0.0828125 0.171875 0.071875 0.025
2 0.15859375 0.346875 0.0671875 0.034375
2 0.53125 0.0515625 0.0625 0.046875
2 0.5734375 0.184375 0.0625 0.03125
2 0.33828125 0.175 0.0296875 0.0625
2 0.2359375 0.3328125 0.0625 0.0375
2 0.371875 0.76875 0.065625 0.034375
2 0.390625 0.7234375 0.065625 0.025
2 0.875 0.24375 0.0625 0.021875
2 0.41328125 0.1015625 0.0734375 0.040625
2 0.575 0.253125 0.046875 0.034375
2 0.95 0.47578125 0.0625 0.0421875
2 0.3046875 0.7 0.028125 0.078125
2 0.31875 0.890625 0.06875 0.0375
2 0.50703125 0.6296875 0.0578125 0.053125
2 0.825 0.5265625 0.053125 0.05625
2 0.775 0.49296875 0.065625 0.0296875
2 0.95859375 0.51328125 0.0703125 0.0296875
2 0.9421875 0.62421875 0.05625 0.0328125
2 0.2921875 0.55390625 0.028125 0.0671875
2 0.24765625 0.5390625 0.0609375 0.025
2 0.3921875 0.63984375 0.065625 0.0265625
2 0.83046875 0.37109375 0.0390625 0.0734375
2 0.74296875 0.55078125 0.0515625 0.0359375
2 0.59921875 0.48515625 0.0328125 0.0640625
2 0.6421875 0.5125 0.0625 0.0375
2 0.10625 0.721875 0.046875 0.059375
2 0.3125 0.60859375 0.015625 0.0421875
2 0.82109375 0.64453125 0.0546875 0.0453125
3 0.346875 0.565625 0.03125 0.021875
3 0.778125 0.06875 0.025 0.046875
3 0.83359375 0.8921875 0.0484375 0.046875
3 0.56875 0.759375 0.028125 0.0375
4 0.39453125 0.02421875 0.0390625 0.0515625
4 0.7109375 0.01953125 0.04375 0.0453125
4 0.00859375 0.8 0.0328125 0.05
4 0.37890625 0.99296875 0.0796875 0.0296875
4 0.62421875 0.9859375 0.0453125 0.04375