1 0.61640625 0.3609375 0.0359375 0.040625
1 0.875 0.3375 0.0375 0.040625
1 0.496875 0.2734375 0.04375 0.046875
1 0.39375 0.125 0.040625 0.040625
1 0.45546875 0.0265625 0.0390625 0.04375
1 0.5015625 0.06484375 0.0375 0.0390625
1 0.5828125 0.10078125 0.0375 0.0390625
1 0.6453125 0.16875 0.0375 0.034375
1 0.63984375 0.07734375 0.0390625 0.0390625
1 0.9234375 0.5046875 0.040625 0.0375
1 0.68984375 0.1609375 0.0328125 0.0375
1 0.93671875 0.20703125 0.0421875 0.0453125
2 0.559375 0.48515625 0.04375 0.0734375
2 0.70546875 0.528125 0.0328125 0.065625
3 0.98671875 0.134375 0.0203125 0.028125
3 0.915625 0.0484375 0.05625 0.096875
3 0.9640625 0.0734375 0.034375 0.075
4 0.00859375 0.02890625 0.0359375 0.0546875
4 0.29375 0.00234375 0.05625 0.0453125
4 0.08984375 0.0078125 0.0640625 0.0375
4 0.8140625 0.01484375 0.06875 0.0609375