0 0.309375 0.36484375 0.021875 0.0203125
1 0.8625 0.01796875 0.03125 0.0328125
1 0.46875 0.21875 0.034375 0.0375
1 0.146875 0.3953125 0.034375 0.0375
1 0.20390625 0.49375 0.0328125 0.03125
1 0.4140625 0.06875 0.028125 0.028125
1 0.4296875 0.7140625 0.03125 0.03125
1 0.51171875 0.8390625 0.0328125 0.03125
1 0.45859375 0.85 0.0234375 0.025
1 0.609375 0.871875 0.040625 0.034375
1 0.3265625 0.03046875 0.034375 0.0328125
1 0.503125 0.2859375 0.034375 0.034375
1 0.609375 0.0703125 0.040625 0.0375
2 0.3171875 0.2421875 0.059375 0.028125
2 0.35625 0.66015625 0.046875 0.0515625
2 0.46640625 0.5296875 0.0609375 0.025
2 0.33125 0.5109375 0.053125 0.03125
3 0.490625 0.875 0.046875 0.01875
3 0.5109375 0.859375 0.0625 0.0125
3 0.24375 0.07578125 0.009375 0.0171875