1 0.83828125 0.80703125 0.0359375 0.0328125
1 0.971875 0.9 0.0375 0.03125
1 0.67421875 0.8078125 0.0390625 0.0375
1 0.17109375 0.9484375 0.0328125 0.03125
1 0.35625 0.9859375 0.040625 0.028125
1 0.46953125 0.85234375 0.0390625 0.0390625
1 0.62421875 0.721875 0.0328125 0.0375
1 0.2546875 0.7375 0.034375 0.034375
1 0.21875 0.721875 0.0375 0.0375
2 0.3578125 0.7828125 0.071875 0.0375
2 0.140625 0.9875 0.06875 0.021875
3 0.32890625 0.95546875 0.0328125 0.0390625
4 0.003125 0.903125 0.03125 0.0375
4 0.996875 0.91796875 0.015625 0.0171875