0 0.12367724867724868 0.291046626984127 0.005731922398589065 0.002728174603174603
1 0.44466490299823636 0.3117559523809524 0.006613756613756613 0.003968253968253968
1 0.5255731922398589 0.3038194444444444 0.010582010582010581 0.005952380952380952
1 0.6009700176366843 0.30443948412698413 0.010582010582010581 0.006696428571428571
1 0.6463844797178131 0.3852926587301587 0.010582010582010581 0.00818452380952381
1 0.7160493827160493 0.36421130952380953 0.01146384479717813 0.007688492063492063
1 0.6373456790123457 0.42336309523809523 0.011022927689594356 0.006448412698412698
1 0.658068783068783 0.4595734126984127 0.010141093474426807 0.005456349206349206
1 0.6730599647266314 0.46416170634920634 0.009259259259259259 0.005208333333333333
1 0.6843033509700176 0.48995535714285715 0.008818342151675485 0.005704365079365079
1 0.5749559082892416 0.6932043650793651 0.008818342151675485 0.006944444444444444
1 0.6653439153439153 0.6862599206349206 0.010582010582010581 0.005456349206349206
1 0.7171516754850088 0.6891121031746031 0.011022927689594356 0.006200396825396825
1 0.45634920634920634 0.6920882936507936 0.009700176366843033 0.005704365079365079
1 0.5291005291005291 0.6886160714285714 0.010582010582010581 0.006696428571428571
1 0.4228395061728395 0.6784474206349206 0.012345679012345678 0.007688492063492063
1 0.3644179894179894 0.6349206349206349 0.011022927689594356 0.006448412698412698
1 0.3932980599647266 0.6550099206349206 0.01146384479717813 0.006448412698412698
1 0.4107142857142857 0.6387648809523809 0.011022927689594356 0.006200396825396825
1 0.4235008818342152 0.6449652777777778 0.010141093474426807 0.005704365079365079
1 0.4462081128747795 0.6509176587301587 0.009700176366843033 0.005704365079365079
1 0.4642857142857143 0.6615823412698413 0.007936507936507936 0.005208333333333333
1 0.19025573192239859 0.6468253968253969 0.010141093474426807 0.005456349206349206
1 0.6596119929453262 0.5894097222222222 0.010582010582010581 0.005704365079365079
1 0.7797619047619048 0.6114831349206349 0.011022927689594356 0.005208333333333333
1 0.7358906525573192 0.6092509920634921 0.006172839506172839 0.003720238095238095
1 0.7643298059964727 0.5009920634920635 0.011022927689594356 0.005952380952380952
1 0.8670634920634921 0.503844246031746 0.010141093474426807 0.005208333333333333
1 0.7749118165784833 0.36148313492063494 0.009259259259259259 0.005208333333333333
1 0.791005291005291 0.3400297619047619 0.008818342151675485 0.00496031746031746
1 0.8384038800705468 0.4130704365079365 0.010141093474426807 0.005704365079365079
1 0.8346560846560847 0.4210069444444444 0.008818342151675485 0.004712301587301587
1 0.43738977072310403 0.2867063492063492 0.007054673721340388 0.003968253968253968
1 0.3939594356261023 0.294890873015873 0.005731922398589065 0.003472222222222222
1 0.343694885361552 0.2785218253968254 0.003968253968253968 0.001984126984126984
1 0.35030864197530864 0.259796626984127 0.0048500881834215165 0.003224206349206349
1 0.35714285714285715 0.259796626984127 0.004409171075837742 0.002728174603174603
1 0.3401675485008818 0.29191468253968256 0.0048500881834215165 0.002976190476190476
1 0.3472222222222222 0.3332093253968254 0.011022927689594356 0.006200396825396825
1 0.38139329805996475 0.33283730158730157 0.010582010582010581 0.005952380952380952
1 0.07804232804232804 0.4965277777777778 0.012345679012345678 0.006944444444444444
1 0.20833333333333334 0.44221230158730157 0.010141093474426807 0.005952380952380952
1 0.2682980599647266 0.46118551587301587 0.00837742504409171 0.005208333333333333
1 0.28174603174603174 0.6393849206349206 0.010582010582010581 0.005952380952380952
1 0.26851851851851855 0.6469494047619048 0.004409171075837742 0.003224206349206349
1 0.3205467372134039 0.3836805555555556 0.010582010582010581 0.005952380952380952
1 0.3185626102292769 0.41282242063492064 0.00837742504409171 0.005704365079365079
1 0.33289241622574955 0.42757936507936506 0.009700176366843033 0.005952380952380952
1 0.4572310405643739 0.4742063492063492 0.009700176366843033 0.00496031746031746
1 0.41798941798941797 0.40773809523809523 0.009700176366843033 0.005456349206349206
1 0.4074074074074074 0.4131944444444444 0.008818342151675485 0.004464285714285714
1 0.41358024691358025 0.4185267857142857 0.007936507936507936 0.004712301587301587
1 0.27336860670194 0.3029513888888889 0.01146384479717813 0.005208333333333333
1 0.20171957671957672 0.283234126984127 0.011904761904761904 0.005456349206349206
1 0.20943562610229277 0.2976190476190476 0.009700176366843033 0.005456349206349206
1 0.13425925925925927 0.27219742063492064 0.010141093474426807 0.005208333333333333
1 0.2566137566137566 0.3384176587301587 0.009700176366843033 0.005208333333333333
1 0.2034832451499118 0.34523809523809523 0.009259259259259259 0.005456349206349206
1 0.39087301587301587 0.3732638888888889 0.010141093474426807 0.005952380952380952
1 0.37610229276895946 0.3803323412698413 0.01146384479717813 0.006200396825396825
1 0.24426807760141092 0.41009424603174605 0.010582010582010581 0.005704365079365079
1 0.21935626102292768 0.40339781746031744 0.011904761904761904 0.006200396825396825
1 0.6682098765432098 0.2779017857142857 0.009259259259259259 0.005704365079365079
1 0.7570546737213404 0.3020833333333333 0.007936507936507936 0.00496031746031746
1 0.7665343915343915 0.3757440476190476 0.009259259259259259 0.00496031746031746
1 0.8070987654320988 0.4836309523809524 0.009259259259259259 0.00496031746031746
1 0.7266313932980599 0.47172619047619047 0.009700176366843033 0.005952380952380952
1 0.7608024691358025 0.4818948412698413 0.010141093474426807 0.005456349206349206
1 0.447310405643739 0.3655753968253968 0.009259259259259259 0.00496031746031746
1 0.4248236331569665 0.3568948412698413 0.007495590828924162 0.005952380952380952
1 0.5511463844797179 0.33122519841269843 0.010582010582010581 0.006200396825396825
1 0.5734126984126984 0.3318452380952381 0.010141093474426807 0.005456349206349206
1 0.5824514991181657 0.36842757936507936 0.01146384479717813 0.006200396825396825
1 0.30180776014109345 0.24714781746031747 0.012786596119929453 0.006200396825396825
1 0.2072310405643739 0.32514880952380953 0.009700176366843033 0.005456349206349206
1 0.16556437389770723 0.38678075396825395 0.011022927689594356 0.005208333333333333
1 0.15299823633156967 0.4368799603174603 0.009700176366843033 0.005208333333333333
1 0.20767195767195767 0.48586309523809523 0.009700176366843033 0.005456349206349206
1 0.21825396825396826 0.49032738095238093 0.006172839506172839 0.002976190476190476
1 0.2859347442680776 0.5219494047619048 0.009259259259259259 0.005208333333333333
1 0.21604938271604937 0.5412946428571429 0.012345679012345678 0.007192460317460317
1 0.30952380952380953 0.568328373015873 0.01146384479717813 0.005704365079365079
1 0.28174603174603174 0.6233878968253969 0.009700176366843033 0.005208333333333333
1 0.3505291005291005 0.6190476190476191 0.009700176366843033 0.005456349206349206
1 0.23809523809523808 0.603546626984127 0.01146384479717813 0.005704365079365079
1 0.3101851851851852 0.6357886904761905 0.011022927689594356 0.006200396825396825
1 0.43893298059964725 0.5803571428571429 0.009259259259259259 0.005456349206349206
1 0.4914021164021164 0.6138392857142857 0.010141093474426807 0.005952380952380952
1 0.4625220458553792 0.6473214285714286 0.009700176366843033 0.005952380952380952
1 0.5050705467372134 0.48313492063492064 0.010141093474426807 0.005952380952380952
1 0.544973544973545 0.48722718253968256 0.010582010582010581 0.005208333333333333
1 0.5518077601410935 0.5066964285714286 0.009259259259259259 0.005456349206349206
1 0.605379188712522 0.4853670634920635 0.008818342151675485 0.004464285714285714
1 0.5795855379188712 0.49007936507936506 0.009259259259259259 0.004464285714285714
1 0.8037918871252204 0.4435763888888889 0.010582010582010581 0.005704365079365079
1 0.7872574955908289 0.39347718253968256 0.011022927689594356 0.005704365079365079
1 0.5070546737213404 0.3881448412698413 0.010582010582010581 0.005456349206349206
1 0.09435626102292768 0.605406746031746 0.01146384479717813 0.005952380952380952
1 0.40299823633156967 0.5367063492063492 0.007936507936507936 0.004464285714285714
1 0.43099647266313934 0.4232390873015873 0.009259259259259259 0.005208333333333333
1 0.35537918871252205 0.4453125 0.010582010582010581 0.005704365079365079
1 0.43871252204585537 0.45101686507936506 0.010582010582010581 0.005208333333333333
1 0.4896384479717813 0.4626736111111111 0.00837742504409171 0.006200396825396825
1 0.5119047619047619 0.41592261904761907 0.008818342151675485 0.004464285714285714
1 0.6457231040564374 0.4914434523809524 0.009259259259259259 0.006200396825396825
1 0.6355820105820106 0.4975198412698413 0.011022927689594356 0.00496031746031746
1 0.6457231040564374 0.4990079365079365 0.00837742504409171 0.00496031746031746
1 0.6712962962962963 0.5112847222222222 0.010141093474426807 0.005704365079365079
1 0.7120811287477954 0.5281498015873016 0.008818342151675485 0.005208333333333333
1 0.6805555555555556 0.5249255952380952 0.010141093474426807 0.005208333333333333
1 0.6512345679012346 0.5226934523809523 0.007936507936507936 0.004712301587301587
1 0.7334656084656085 0.5631200396825397 0.009259259259259259 0.005704365079365079
1 0.5771604938271605 0.5665922619047619 0.008818342151675485 0.005208333333333333
1 0.5718694885361552 0.5405505952380952 0.010582010582010581 0.005704365079365079
1 0.5180776014109347 0.5317460317460317 0.008818342151675485 0.005456349206349206
1 0.6060405643738977 0.5179811507936508 0.00837742504409171 0.004216269841269841
1 0.6358024691358025 0.5249255952380952 0.009700176366843033 0.005208333333333333
1 0.6419753086419753 0.5394345238095238 0.003527336860670194 0.002976190476190476
1 0.6501322751322751 0.5297619047619048 0.00837742504409171 0.00496031746031746
1 0.5044091710758377 0.5535714285714286 0.008818342151675485 0.00496031746031746
1 0.48655202821869487 0.40600198412698413 0.003968253968253968 0.00248015873015873
1 0.4711199294532628 0.40935019841269843 0.007495590828924162 0.003720238095238095
1 0.45348324514991184 0.38665674603174605 0.011904761904761904 0.005456349206349206
1 0.34854497354497355 0.5086805555555556 0.010141093474426807 0.00496031746031746
1 0.49757495590828926 0.3531746031746032 0.010141093474426807 0.006448412698412698
1 0.36243386243386244 0.3898809523809524 0.007936507936507936 0.005456349206349206
1 0.4512786596119929 0.42199900793650796 0.011904761904761904 0.006200396825396825
1 0.2828483245149912 0.49367559523809523 0.010141093474426807 0.005704365079365079
1 0.31040564373897706 0.4884672619047619 0.009700176366843033 0.005704365079365079
1 0.3099647266313933 0.43861607142857145 0.010582010582010581 0.005208333333333333
1 0.5246913580246914 0.48735119047619047 0.010582010582010581 0.006448412698412698
1 0.566358024691358 0.5147569444444444 0.009259259259259259 0.004216269841269841
1 0.5557760141093474 0.5344742063492064 0.00837742504409171 0.005456349206349206
1 0.564373897707231 0.5326140873015873 0.008818342151675485 0.005208333333333333
1 0.5482804232804233 0.5555555555555556 0.012786596119929453 0.006448412698412698
1 0.529320987654321 0.5623759920634921 0.00837742504409171 0.005208333333333333
1 0.5533509700176367 0.583953373015873 0.010582010582010581 0.005704365079365079
1 0.5103615520282186 0.5845734126984127 0.009259259259259259 0.004464285714285714
1 0.5182980599647267 0.6336805555555556 0.007495590828924162 0.005456349206349206
1 0.5769400352733686 0.6579861111111112 0.010141093474426807 0.005456349206349206
1 0.5659171075837742 0.6671626984126984 0.009259259259259259 0.004464285714285714
1 0.7464726631393298 0.4894593253968254 0.01146384479717813 0.006696428571428571
1 0.8249559082892416 0.49603174603174605 0.008818342151675485 0.005456349206349206
1 0.6214726631393298 0.4680059523809524 0.011022927689594356 0.006944444444444444
1 0.6031746031746031 0.4547371031746032 0.010582010582010581 0.005704365079365079
1 0.7705026455026455 0.41865079365079366 0.011022927689594356 0.005952380952380952
1 0.8053350970017636 0.353546626984127 0.00837742504409171 0.005704365079365079
1 0.41622574955908287 0.48127480158730157 0.010582010582010581 0.005704365079365079
1 0.45083774250440917 0.5043402777777778 0.010141093474426807 0.006200396825396825
1 0.474647266313933 0.5119047619047619 0.010141093474426807 0.005456349206349206
1 0.47861552028218696 0.5636160714285714 0.011022927689594356 0.005704365079365079
1 0.4678130511463845 0.5450148809523809 0.008818342151675485 0.006696428571428571
1 0.49404761904761907 0.5726686507936508 0.011904761904761904 0.005952380952380952
1 0.46296296296296297 0.5902777777777778 0.009700176366843033 0.005456349206349206
1 0.7142857142857143 0.550719246031746 0.009700176366843033 0.005208333333333333
1 0.6948853615520282 0.5493551587301587 0.009700176366843033 0.00496031746031746
1 0.6774691358024691 0.5436507936507936 0.005731922398589065 0.003472222222222222
1 0.13602292768959437 0.6201636904761905 0.012786596119929453 0.006200396825396825
1 0.20171957671957672 0.6000744047619048 0.011022927689594356 0.006200396825396825
1 0.29188712522045857 0.5653521825396826 0.009700176366843033 0.005704365079365079
1 0.4058641975308642 0.3539186507936508 0.010141093474426807 0.006448412698412698
1 0.7746913580246914 0.4304315476190476 0.010582010582010581 0.005704365079365079
1 0.7605820105820106 0.45014880952380953 0.012345679012345678 0.005456349206349206
1 0.30864197530864196 0.35887896825396826 0.013227513227513227 0.007936507936507936
1 0.3002645502645503 0.42497519841269843 0.009700176366843033 0.006200396825396825
1 0.470679012345679 0.5528273809523809 0.010141093474426807 0.00496031746031746
1 0.44995590828924165 0.5935019841269841 0.00837742504409171 0.005456349206349206
1 0.08090828924162258 0.5684523809523809 0.010141093474426807 0.006944444444444444
1 0.3974867724867725 0.5911458333333334 0.011022927689594356 0.005208333333333333
1 0.67173721340388 0.6746031746031746 0.00837742504409171 0.004464285714285714
1 0.6468253968253969 0.6969246031746031 0.010582010582010581 0.005952380952380952
1 0.6805555555555556 0.4678819444444444 0.0048500881834215165 0.003224206349206349
1 0.30246913580246915 0.5523313492063492 0.010582010582010581 0.005952380952380952
1 0.4772927689594356 0.38430059523809523 0.005731922398589065 0.002728174603174603
1 0.5149911816578483 0.3508184523809524 0.003527336860670194 0.002232142857142857
1 0.5335097001763669 0.33816964285714285 0.004409171075837742 0.002728174603174603
1 0.576278659611993 0.34871031746031744 0.004409171075837742 0.001984126984126984
1 0.6025132275132276 0.35912698412698413 0.0048500881834215165 0.00248015873015873
1 0.6078042328042328 0.3219246031746032 0.005731922398589065 0.00248015873015873
1 0.5440917107583775 0.42956349206349204 0.004409171075837742 0.00248015873015873
1 0.5751763668430335 0.42497519841269843 0.0030864197530864196 0.002232142857142857
1 0.5454144620811288 0.4350198412698413 0.004409171075837742 0.001984126984126984
1 0.5381393298059964 0.421875 0.003968253968253968 0.00248015873015873
1 0.7083333333333334 0.455109126984127 0.0030864197530864196 0.00248015873015873
1 0.693342151675485 0.4470486111111111 0.0048500881834215165 0.001736111111111111
1 0.6984126984126984 0.45771329365079366 0.009700176366843033 0.004712301587301587
1 0.6862874779541446 0.47780257936507936 0.00837742504409171 0.004712301587301587
1 0.5789241622574955 0.5244295634920635 0.003527336860670194 0.002232142857142857
1 0.5864197530864198 0.5357142857142857 0.004409171075837742 0.001984126984126984
1 0.6192680776014109 0.5153769841269841 0.0030864197530864196 0.002976190476190476
1 0.6298500881834215 0.5100446428571429 0.003968253968253968 0.001736111111111111
1 0.5485008818342152 0.4945436507936508 0.004409171075837742 0.00248015873015873
1 0.5544532627865961 0.49429563492063494 0.0030864197530864196 0.001984126984126984
1 0.5427689594356261 0.7151537698412699 0.01146384479717813 0.006200396825396825
1 0.5912698412698413 0.6437251984126984 0.003527336860670194 0.002232142857142857
1 0.5595238095238095 0.6333085317460317 0.003527336860670194 0.001736111111111111
1 0.46825396825396826 0.6139632936507936 0.003527336860670194 0.002728174603174603
1 0.5562169312169312 0.6140873015873016 0.0048500881834215165 0.001984126984126984
1 0.4772927689594356 0.6604662698412699 0.009259259259259259 0.005952380952380952
1 0.3862433862433862 0.6314484126984127 0.003527336860670194 0.00248015873015873
1 0.4512786596119929 0.6150793650793651 0.00837742504409171 0.005456349206349206
1 0.4415784832451499 0.6061507936507936 0.009259259259259259 0.005456349206349206
1 0.3317901234567901 0.6116071428571429 0.009259259259259259 0.005952380952380952
1 0.3185626102292769 0.6220238095238095 0.0030864197530864196 0.001984126984126984
1 0.5262345679012346 0.5844494047619048 0.003968253968253968 0.001736111111111111
1 0.5268959435626103 0.5890376984126984 0.004409171075837742 0.001488095238095238
1 0.57826278659612 0.5990823412698413 0.010141093474426807 0.006200396825396825
1 0.5694444444444444 0.6028025793650794 0.0030864197530864196 0.001736111111111111
1 0.7028218694885362 0.396453373015873 0.003527336860670194 0.002232142857142857
1 0.6807760141093474 0.42137896825396826 0.0026455026455026454 0.001984126984126984
1 0.44753086419753085 0.4697420634920635 0.0026455026455026454 0.00248015873015873
1 0.46847442680776014 0.47098214285714285 0.0030864197530864196 0.001984126984126984
1 0.37433862433862436 0.4517609126984127 0.004409171075837742 0.002728174603174603
1 0.7797619047619048 0.39347718253968256 0.003968253968253968 0.002232142857142857
1 0.7923280423280423 0.40575396825396826 0.0026455026455026454 0.001984126984126984
1 0.22134038800705466 0.5476190476190477 0.003527336860670194 0.001984126984126984
1 0.21957671957671956 0.5575396825396826 0.003527336860670194 0.002976190476190476
1 0.21208112874779542 0.5460069444444444 0.003527336860670194 0.001736111111111111
1 0.24514991181657847 0.5307539682539683 0.003527336860670194 0.001984126984126984
1 0.16247795414462082 0.5679563492063492 0.0048500881834215165 0.001984126984126984
1 0.14417989417989419 0.5679563492063492 0.004409171075837742 0.00248015873015873
1 0.3608906525573192 0.6540178571428571 0.003968253968253968 0.00248015873015873
1 0.21891534391534392 0.2411954365079365 0.0030864197530864196 0.001736111111111111
1 0.3251763668430335 0.22234623015873015 0.003968253968253968 0.001736111111111111
1 0.36397707231040566 0.37388392857142855 0.003968253968253968 0.002728174603174603
1 0.5460758377425045 0.6677827380952381 0.010141093474426807 0.006200396825396825
1 0.42239858906525574 0.5225694444444444 0.004409171075837742 0.00248015873015873
1 0.4298941798941799 0.5155009920634921 0.003527336860670194 0.002232142857142857
1 0.8073192239858906 0.5207093253968254 0.003527336860670194 0.002728174603174603
1 0.4126984126984127 0.4486607142857143 0.004409171075837742 0.001984126984126984
1 0.17879188712522046 0.41183035714285715 0.0030864197530864196 0.002232142857142857
1 0.14594356261022928 0.4466765873015873 0.003527336860670194 0.002976190476190476
1 0.6170634920634921 0.3777281746031746 0.0048500881834215165 0.00248015873015873
1 0.7497795414462081 0.38467261904761907 0.0048500881834215165 0.002976190476190476
1 0.7312610229276896 0.5859375 0.011022927689594356 0.005208333333333333
1 0.333994708994709 0.5782490079365079 0.0030864197530864196 0.002232142857142857
1 0.4618606701940035 0.4592013888888889 0.003968253968253968 0.002728174603174603
1 0.443342151675485 0.4755704365079365 0.0030864197530864196 0.002728174603174603
1 0.42548500881834217 0.5336061507936508 0.004409171075837742 0.002232142857142857
1 0.4852292768959436 0.2837301587301587 0.0030864197530864196 0.001984126984126984
2 0.48037918871252205 0.3179563492063492 0.016313932980599646 0.009424603174603174
2 0.8617724867724867 0.4079861111111111 0.006613756613756613 0.010912698412698412
2 0.8996913580246914 0.36222718253968256 0.012786596119929453 0.009672619047619048
2 0.8117283950617284 0.3855406746031746 0.007054673721340388 0.008680555555555556
2 0.810626102292769 0.4038938492063492 0.007495590828924162 0.01066468253968254
2 0.8225308641975309 0.4133184523809524 0.007495590828924162 0.00818452380952381
2 0.6485890652557319 0.32998511904761907 0.014991181657848324 0.006696428571428571
2 0.6413139329805997 0.36061507936507936 0.01455026455026455 0.008432539682539682
2 0.6203703703703703 0.39087301587301587 0.010582010582010581 0.010912698412698412
2 0.4208553791887125 0.2378472222222222 0.015432098765432098 0.00744047619047619
2 0.40498236331569665 0.3020833333333333 0.01895943562610229 0.006448412698412698
2 0.4398148148148148 0.7123015873015873 0.011904761904761904 0.010912698412698412
2 0.4812610229276896 0.71875 0.009259259259259259 0.010416666666666666
2 0.8652998236331569 0.5255456349206349 0.018077601410934743 0.006944444444444444
2 0.7945326278659612 0.4724702380952381 0.01675485008818342 0.003472222222222222
2 0.7740299823633157 0.4723462301587302 0.007495590828924162 0.011160714285714286
2 0.7202380952380952 0.2951388888888889 0.016313932980599646 0.00496031746031746
2 0.6009700176366843 0.33196924603174605 0.014991181657848324 0.007192460317460317
2 0.5388007054673721 0.4646577380952381 0.014109347442680775 0.008680555555555556
2 0.5967813051146384 0.47879464285714285 0.01984126984126984 0.005208333333333333
2 0.4420194003527337 0.6227678571428571 0.018077601410934743 0.003472222222222222
2 0.4556878306878307 0.6285962301587301 0.017195767195767195 0.007192460317460317
2 0.265652557319224 0.4320436507936508 0.00837742504409171 0.010416666666666666
2 0.2788800705467372 0.4443204365079365 0.01895943562610229 0.003720238095238095
2 0.25551146384479717 0.3970734126984127 0.01455026455026455 0.008432539682539682
2 0.30577601410934746 0.34499007936507936 0.02072310405643739 0.003968253968253968
2 0.2588183421516755 0.3681795634920635 0.019400352733686066 0.004216269841269841
2 0.32605820105820105 0.37276785714285715 0.017195767195767195 0.00496031746031746
2 0.4523809523809524 0.48735119047619047 0.015873015873015872 0.00496031746031746
2 0.5291005291005291 0.5241815476190477 0.01675485008818342 0.006696428571428571
2 0.5952380952380952 0.5453869047619048 0.02292768959435626 0.00248015873015873
2 0.6485890652557319 0.5724206349206349 0.010582010582010581 0.009424603174603174
2 0.6355820105820106 0.5736607142857143 0.00837742504409171 0.010912698412698412
2 0.6263227513227513 0.5732886904761905 0.007495590828924162 0.01066468253968254
2 0.6395502645502645 0.5814732142857143 0.01895943562610229 0.004216269841269841
2 0.7594797178130511 0.5933779761904762 0.012786596119929453 0.008680555555555556
2 0.9007936507936508 0.6032986111111112 0.012345679012345678 0.007688492063492063
2 0.593694885361552 0.6681547619047619 0.007495590828924162 0.011408730158730158
2 0.3505291005291005 0.5572916666666666 0.012345679012345678 0.00992063492063492
2 0.36750440917107585 0.5656001984126984 0.017195767195767195 0.004712301587301587
2 0.3855820105820106 0.5591517857142857 0.016313932980599646 0.005704365079365079
2 0.38095238095238093 0.5109126984126984 0.018518518518518517 0.005456349206349206
2 0.7294973544973545 0.3785962301587302 0.006613756613756613 0.010168650793650794
2 0.7817460317460317 0.4089781746031746 0.018518518518518517 0.002976190476190476
2 0.798941798941799 0.4095982142857143 0.007054673721340388 0.009672619047619048
2 0.8317901234567902 0.43464781746031744 0.015432098765432098 0.006696428571428571
2 0.7462522045855379 0.43712797619047616 0.018077601410934743 0.004216269841269841
2 0.4323192239858907 0.3253968253968254 0.015432098765432098 0.005456349206349206
2 0.44422398589065254 0.34672619047619047 0.018077601410934743 0.00496031746031746
2 0.3776455026455027 0.3454861111111111 0.005731922398589065 0.009424603174603174
2 0.3487654320987654 0.37016369047619047 0.01675485008818342 0.005208333333333333
2 0.07826278659611993 0.310515873015873 0.013668430335097001 0.008928571428571428
2 0.24845679012345678 0.4324156746031746 0.018077601410934743 0.006696428571428571
2 0.25286596119929455 0.47371031746031744 0.01895943562610229 0.006448412698412698
2 0.2588183421516755 0.4807787698412698 0.02204585537918871 0.005208333333333333
2 0.6712962962962963 0.5708085317460317 0.017195767195767195 0.004712301587301587
2 0.5242504409171076 0.6037946428571429 0.01675485008818342 0.006200396825396825
2 0.44819223985890655 0.49689980158730157 0.01455026455026455 0.007192460317460317
2 0.7378747795414462 0.4792906746031746 0.015432098765432098 0.004216269841269841
2 0.7837301587301587 0.48648313492063494 0.01984126984126984 0.004712301587301587
2 0.49955908289241624 0.6259920634920635 0.014991181657848324 0.00744047619047619
2 0.25242504409171074 0.6331845238095238 0.01895943562610229 0.003472222222222222
2 0.2768959435626102 0.5798611111111112 0.008818342151675485 0.009424603174603174
2 0.2854938271604938 0.5740327380952381 0.018077601410934743 0.005704365079365079
2 0.26851851851851855 0.5419146825396826 0.020282186948853614 0.003472222222222222
2 0.32760141093474426 0.5220734126984127 0.01675485008818342 0.003472222222222222
2 0.3097442680776014 0.5200892857142857 0.015432098765432098 0.005456349206349206
2 0.31635802469135804 0.5107886904761905 0.017195767195767195 0.003720238095238095
2 0.3897707231040564 0.4755704365079365 0.01763668430335097 0.003720238095238095
2 0.3871252204585538 0.43973214285714285 0.018518518518518517 0.005456349206349206
2 0.3924162257495591 0.4324156746031746 0.018518518518518517 0.004216269841269841
2 0.6320546737213404 0.4095982142857143 0.011022927689594356 0.009176587301587302
2 0.6018518518518519 0.3976934523809524 0.012345679012345678 0.007688492063492063
2 0.529320987654321 0.35615079365079366 0.018077601410934743 0.003472222222222222
2 0.3932980599647266 0.3185763888888889 0.006172839506172839 0.01066468253968254
2 0.3985890652557319 0.3332093253968254 0.020282186948853614 0.005704365079365079
2 0.44488536155202824 0.3577628968253968 0.013227513227513227 0.005704365079365079
2 0.32319223985890655 0.5693204365079365 0.014991181657848324 0.007688492063492063
2 0.3732363315696649 0.6145833333333334 0.012786596119929453 0.00992063492063492
2 0.38051146384479717 0.5858134920634921 0.02204585537918871 0.003472222222222222
2 0.49955908289241624 0.5409226190476191 0.01675485008818342 0.003472222222222222
2 0.515652557319224 0.5447668650793651 0.005731922398589065 0.008680555555555556
2 0.49360670194003525 0.5066964285714286 0.010141093474426807 0.008432539682539682
2 0.7222222222222222 0.48561507936507936 0.009700176366843033 0.010416666666666666
2 0.5498236331569665 0.39273313492063494 0.01675485008818342 0.006200396825396825
2 0.5776014109347443 0.3756200396825397 0.014109347442680775 0.008680555555555556
2 0.2705026455026455 0.6217757936507936 0.015432098765432098 0.00744047619047619
2 0.1455026455026455 0.6369047619047619 0.025573192239858905 0.005952380952380952
2 0.3681657848324515 0.4286954365079365 0.007936507936507936 0.012648809523809524
2 0.37257495590828926 0.45882936507936506 0.019400352733686066 0.005952380952380952
2 0.42548500881834217 0.4175347222222222 0.014991181657848324 0.00818452380952381
2 0.5138888888888888 0.41976686507936506 0.01455026455026455 0.005704365079365079
2 0.5145502645502645 0.40128968253968256 0.014109347442680775 0.008432539682539682
2 0.5002204585537919 0.39546130952380953 0.017195767195767195 0.004216269841269841
2 0.5520282186948854 0.39893353174603174 0.01763668430335097 0.004216269841269841
2 0.5480599647266314 0.41691468253968256 0.013227513227513227 0.00496031746031746
2 0.6285273368606702 0.4567212301587302 0.00837742504409171 0.009176587301587302
2 0.642636684303351 0.4701140873015873 0.01895943562610229 0.004216269841269841
2 0.6441798941798942 0.4771825396825397 0.009700176366843033 0.008432539682539682
2 0.6675485008818343 0.47346230158730157 0.019400352733686066 0.008928571428571428
2 0.6649029982363316 0.4802827380952381 0.01675485008818342 0.006696428571428571
2 0.658289241622575 0.4869791666666667 0.008818342151675485 0.00818452380952381
2 0.6624779541446209 0.49516369047619047 0.005731922398589065 0.011160714285714286
2 0.6640211640211641 0.5062003968253969 0.019400352733686066 0.002976190476190476
2 0.6545414462081128 0.49813988095238093 0.007495590828924162 0.009176587301587302
2 0.6430776014109347 0.503844246031746 0.01895943562610229 0.004216269841269841
2 0.6832010582010583 0.5009920634920635 0.01455026455026455 0.009424603174603174
2 0.6995149911816578 0.5008680555555556 0.017195767195767195 0.004712301587301587
2 0.7317019400352733 0.5535714285714286 0.015432098765432098 0.00496031746031746
2 0.685405643738977 0.5567956349206349 0.010141093474426807 0.00992063492063492
2 0.5551146384479718 0.5751488095238095 0.015873015873015872 0.00496031746031746
2 0.5639329805996472 0.5694444444444444 0.018518518518518517 0.002976190476190476
2 0.5705467372134039 0.4964037698412698 0.005291005291005291 0.009176587301587302
2 0.566358024691358 0.503844246031746 0.00837742504409171 0.00818452380952381
2 0.6067019400352733 0.49950396825396826 0.012345679012345678 0.006448412698412698
2 0.6137566137566137 0.4931795634920635 0.018518518518518517 0.004216269841269841
2 0.7231040564373897 0.4513888888888889 0.007936507936507936 0.008928571428571428
2 0.7054673721340388 0.542906746031746 0.014109347442680775 0.005952380952380952
2 0.6900352733686067 0.5245535714285714 0.007054673721340388 0.00992063492063492
2 0.6840828924162258 0.5376984126984127 0.011022927689594356 0.010416666666666666
2 0.6721781305114638 0.5287698412698413 0.016313932980599646 0.003472222222222222
2 0.6651234567901234 0.535218253968254 0.018077601410934743 0.003968253968253968
2 0.6340388007054674 0.5343501984126984 0.01675485008818342 0.007192460317460317
2 0.6291887125220459 0.5447668650793651 0.013227513227513227 0.008680555555555556
2 0.6490299823633157 0.5411706349206349 0.01763668430335097 0.006448412698412698
2 0.49889770723104054 0.5455109126984127 0.015432098765432098 0.005704365079365079
2 0.5233686067019401 0.5533234126984127 0.012345679012345678 0.006448412698412698
2 0.5028659611992945 0.5591517857142857 0.01895943562610229 0.003720238095238095
2 0.5306437389770723 0.5783730158730159 0.005731922398589065 0.010912698412698412
2 0.5145502645502645 0.5775049603174603 0.007054673721340388 0.008680555555555556
2 0.48897707231040566 0.581969246031746 0.007936507936507936 0.009176587301587302
2 0.5008818342151675 0.5808531746031746 0.015873015873015872 0.003472222222222222
2 0.44466490299823636 0.5538194444444444 0.013668430335097001 0.007936507936507936
2 0.4382716049382716 0.5618799603174603 0.015873015873015872 0.007688492063492063
2 0.453042328042328 0.5725446428571429 0.011904761904761904 0.008680555555555556
2 0.47354497354497355 0.5691964285714286 0.021164021164021163 0.004464285714285714
2 0.6000881834215167 0.34871031746031744 0.018518518518518517 0.004464285714285714
2 0.5725308641975309 0.3540426587301587 0.013668430335097001 0.00818452380952381
2 0.3644179894179894 0.4053819444444444 0.007495590828924162 0.01066468253968254
2 0.35207231040564374 0.40302579365079366 0.016313932980599646 0.003472222222222222
2 0.39307760141093473 0.41877480158730157 0.01895943562610229 0.003224206349206349
2 0.4091710758377425 0.4946676587301587 0.018518518518518517 0.005704365079365079
2 0.36596119929453264 0.48921130952380953 0.019400352733686066 0.003224206349206349
2 0.3578042328042328 0.4937996031746032 0.015432098765432098 0.00496031746031746
2 0.345679012345679 0.5007440476190477 0.009700176366843033 0.00992063492063492
2 0.3776455026455027 0.5233134920634921 0.016313932980599646 0.003472222222222222
2 0.37014991181657847 0.5355902777777778 0.01895943562610229 0.003720238095238095
2 0.29012345679012347 0.5112847222222222 0.020282186948853614 0.004216269841269841
2 0.5167548500881834 0.3763640873015873 0.009700176366843033 0.01066468253968254
2 0.49184303350970016 0.4046378968253968 0.01455026455026455 0.005208333333333333
2 0.45105820105820105 0.3942212301587302 0.007054673721340388 0.009176587301587302
2 0.46296296296296297 0.39868551587301587 0.01675485008818342 0.005704365079365079
2 0.6029541446208113 0.5255456349206349 0.006613756613756613 0.00992063492063492
2 0.546957671957672 0.5166170634920635 0.007495590828924162 0.00992063492063492
2 0.5099206349206349 0.6354166666666666 0.007495590828924162 0.009424603174603174
2 0.2689594356261023 0.5062003968253969 0.014991181657848324 0.009424603174603174
2 0.3527336860670194 0.5161210317460317 0.018518518518518517 0.005456349206349206
2 0.281305114638448 0.49875992063492064 0.019400352733686066 0.003968253968253968
2 0.31900352733686066 0.49987599206349204 0.016313932980599646 0.005704365079365079
2 0.33443562610229277 0.503968253968254 0.00837742504409171 0.006944444444444444
2 0.31261022927689597 0.4320436507936508 0.013227513227513227 0.009424603174603174
2 0.46318342151675485 0.5096726190476191 0.01455026455026455 0.008432539682539682
2 0.4722222222222222 0.5906498015873016 0.010582010582010581 0.009176587301587302
2 0.40674603174603174 0.6025545634920635 0.018077601410934743 0.003720238095238095
2 0.4115961199294533 0.5747767857142857 0.00837742504409171 0.009672619047619048
2 0.3851410934744268 0.5675843253968254 0.018077601410934743 0.003720238095238095
2 0.373015873015873 0.5956101190476191 0.014991181657848324 0.009176587301587302
2 0.37081128747795417 0.4140625 0.004409171075837742 0.006696428571428571
2 0.43959435626102294 0.5968501984126984 0.007054673721340388 0.007688492063492063
2 0.5789241622574955 0.4381200396825397 0.014109347442680775 0.003720238095238095
2 0.63668430335097 0.4636656746031746 0.007936507936507936 0.01066468253968254
3 0.400352733686067 0.5600198412698413 0.007936507936507936 0.004464285714285714
3 0.3655202821869489 0.5184771825396826 0.005291005291005291 0.007192460317460317
3 0.6316137566137566 0.6080109126984127 0.0048500881834215165 0.008680555555555556
3 0.7694003527336861 0.38268849206349204 0.018518518518518517 0.003472222222222222
3 0.8046737213403881 0.5068204365079365 0.01146384479717813 0.004216269841269841
3 0.8121693121693122 0.35453869047619047 0.004409171075837742 0.00818452380952381
3 0.7797619047619048 0.3787202380952381 0.012786596119929453 0.00248015873015873
3 0.3800705467372134 0.40749007936507936 0.008818342151675485 0.003472222222222222
3 0.6331569664902998 0.5130208333333334 0.005291005291005291 0.002728174603174603
3 0.4697971781305115 0.5288938492063492 0.0445326278659612 0.023065476190476192
3 0.568342151675485 0.5978422619047619 0.005291005291005291 0.002728174603174603
3 0.5022045855379189 0.32862103174603174 0.007054673721340388 0.00744047619047619
3 0.560626102292769 0.6564980158730159 0.005731922398589065 0.004464285714285714
3 0.5405643738977073 0.6411210317460317 0.015873015873015872 0.018353174603174604
3 0.5544532627865961 0.6469494047619048 0.010141093474426807 0.012152777777777778
3 0.5178571428571429 0.45907738095238093 0.013668430335097001 0.00744047619047619
3 0.44312169312169314 0.4381200396825397 0.007936507936507936 0.006200396825396825
3 0.36529982363315694 0.5398065476190477 0.00837742504409171 0.002232142857142857
3 0.3833774250440917 0.5360863095238095 0.0048500881834215165 0.001736111111111111
3 0.5895061728395061 0.28112599206349204 0.007054673721340388 0.003720238095238095
3 0.17041446208112876 0.4869791666666667 0.003968253968253968 0.002728174603174603