0 0.3655202821869489 0.2664930555555556 0.009700176366843033 0.004216269841269841
0 0.4947089947089947 0.3342013888888889 0.010582010582010581 0.005704365079365079
0 0.6428571428571429 0.49975198412698413 0.010582010582010581 0.00744047619047619
0 0.6444003527336861 0.45882936507936506 0.01455026455026455 0.006944444444444444
0 0.5 0.5073164682539683 0.013227513227513227 0.006696428571428571
0 0.21318342151675485 0.37289186507936506 0.00837742504409171 0.005704365079365079
0 0.26763668430335097 0.40339781746031744 0.012345679012345678 0.00818452380952381
0 0.13249559082892418 0.4114583333333333 0.00837742504409171 0.006448412698412698
0 0.8194444444444444 0.5252976190476191 0.010141093474426807 0.00744047619047619
0 0.5443121693121693 0.5363343253968254 0.011022927689594356 0.005704365079365079
0 0.4451058201058201 0.490203373015873 0.010141093474426807 0.007192460317460317
0 0.5531305114638448 0.28447420634920634 0.011904761904761904 0.005952380952380952
0 0.38580246913580246 0.3960813492063492 0.009700176366843033 0.006944444444444444
0 0.40299823633156967 0.40587797619047616 0.009700176366843033 0.006200396825396825
0 0.5160934744268078 0.3975694444444444 0.015432098765432098 0.005456349206349206
0 0.5945767195767195 0.28112599206349204 0.012786596119929453 0.004712301587301587
0 0.2791005291005291 0.5307539682539683 0.007936507936507936 0.00496031746031746
0 0.7105379188712522 0.27380952380952384 0.013668430335097001 0.004464285714285714
0 0.08267195767195767 0.30853174603174605 0.01455026455026455 0.005456349206349206
0 0.41710758377425045 0.5451388888888888 0.01146384479717813 0.007936507936507936
0 0.3937389770723104 0.5587797619047619 0.014109347442680775 0.00744047619047619
0 0.43716931216931215 0.5610119047619048 0.017195767195767195 0.005952380952380952
0 0.7846119929453262 0.2099454365079365 0.012786596119929453 0.007192460317460317
0 0.7705026455026455 0.19928075396825398 0.011904761904761904 0.004712301587301587
1 0.753968253968254 0.1722470238095238 0.007936507936507936 0.004216269841269841
1 0.9197530864197531 0.16468253968253968 0.012345679012345678 0.006944444444444444
1 0.027998236331569663 0.2550843253968254 0.009259259259259259 0.005208333333333333
1 0.25485008818342153 0.5522073412698413 0.012345679012345678 0.007192460317460317
1 0.6752645502645502 0.607390873015873 0.0030864197530864196 0.00248015873015873
1 0.566358024691358 0.32514880952380953 0.006613756613756613 0.002976190476190476
1 0.4532627865961199 0.3479662698412698 0.003527336860670194 0.002976190476190476
1 0.30224867724867727 0.46564980158730157 0.011022927689594356 0.005208333333333333
1 0.2899029982363316 0.48251488095238093 0.005731922398589065 0.003224206349206349
1 0.3247354497354497 0.621031746031746 0.012786596119929453 0.006944444444444444
1 0.32275132275132273 0.6400049603174603 0.004409171075837742 0.003720238095238095
1 0.3602292768959436 0.5927579365079365 0.004409171075837742 0.00248015873015873
1 0.453042328042328 0.6520337301587301 0.0048500881834215165 0.002976190476190476
1 0.13514109347442682 0.30084325396825395 0.003968253968253968 0.00248015873015873
1 0.16181657848324515 0.28348214285714285 0.004409171075837742 0.00248015873015873
1 0.195326278659612 0.32353670634920634 0.003527336860670194 0.002728174603174603
1 0.11948853615520282 0.4117063492063492 0.003527336860670194 0.001984126984126984
1 0.16666666666666666 0.3470982142857143 0.003527336860670194 0.002232142857142857
1 0.17570546737213405 0.5584077380952381 0.003968253968253968 0.002728174603174603
1 0.14594356261022928 0.4928075396825397 0.003527336860670194 0.00248015873015873
1 0.3595679012345679 0.6428571428571429 0.003968253968253968 0.00248015873015873
1 0.4642857142857143 0.6928323412698413 0.003527336860670194 0.002232142857142857
1 0.4605379188712522 0.6899801587301587 0.0030864197530864196 0.001984126984126984
1 0.38271604938271603 0.6954365079365079 0.003527336860670194 0.001984126984126984
1 0.25220458553791886 0.6872519841269841 0.003527336860670194 0.001984126984126984
1 0.31238977072310403 0.8514384920634921 0.003968253968253968 0.00248015873015873
1 0.6014109347442681 0.5009920634920635 0.003527336860670194 0.001984126984126984
1 0.5648148148148148 0.49689980158730157 0.003527336860670194 0.001736111111111111
1 0.6887125220458554 0.5327380952380952 0.0026455026455026454 0.001984126984126984
1 0.640652557319224 0.5158730158730159 0.003527336860670194 0.001984126984126984
1 0.6536596119929453 0.5088045634920635 0.0030864197530864196 0.002232142857142857
1 0.6783509700176367 0.4935515873015873 0.0030864197530864196 0.001984126984126984
1 0.7839506172839507 0.45014880952380953 0.004409171075837742 0.002976190476190476
1 0.6631393298059964 0.4236111111111111 0.005291005291005291 0.00248015873015873
1 0.7310405643738977 0.43353174603174605 0.003527336860670194 0.001984126984126984
1 0.7484567901234568 0.3919890873015873 0.003968253968253968 0.001736111111111111
1 0.5242504409171076 0.4107142857142857 0.003527336860670194 0.001984126984126984
1 0.5471781305114638 0.35652281746031744 0.003527336860670194 0.002728174603174603
1 0.5341710758377425 0.3342013888888889 0.0030864197530864196 0.001736111111111111
1 0.5227072310405644 0.3185763888888889 0.0030864197530864196 0.001736111111111111
1 0.9457671957671958 0.30964781746031744 0.014109347442680775 0.007192460317460317
2 0.5529100529100529 0.22978670634920634 0.008818342151675485 0.00818452380952381
2 0.5068342151675485 0.22879464285714285 0.011904761904761904 0.006200396825396825
2 0.5881834215167548 0.25632440476190477 0.007936507936507936 0.007688492063492063
2 0.4634038800705467 0.23995535714285715 0.010582010582010581 0.011160714285714286
2 0.3880070546737213 0.23524305555555555 0.021164021164021163 0.005704365079365079
2 0.4146825396825397 0.23412698412698413 0.013668430335097001 0.00744047619047619
2 0.3957231040564374 0.302703373015873 0.011022927689594356 0.009672619047619048
2 0.32319223985890655 0.30282738095238093 0.012345679012345678 0.006448412698412698
2 0.3271604938271605 0.3193204365079365 0.007936507936507936 0.007192460317460317
2 0.47001763668430335 0.3289930555555556 0.013227513227513227 0.005208333333333333
2 0.6375661375661376 0.3821924603174603 0.010582010582010581 0.008928571428571428
2 0.4243827160493827 0.4156746031746032 0.011022927689594356 0.005952380952380952
2 0.9098324514991182 0.27914186507936506 0.01984126984126984 0.005208333333333333
2 0.3853615520282187 0.19270833333333334 0.009700176366843033 0.008432539682539682
2 0.04585537918871252 0.3836805555555556 0.007054673721340388 0.007936507936507936
2 0.07980599647266313 0.37983630952380953 0.006172839506172839 0.009176587301587302
2 0.10604056437389771 0.3812003968253968 0.009259259259259259 0.008432539682539682
2 0.08641975308641975 0.40910218253968256 0.009700176366843033 0.009176587301587302
2 0.19995590828924162 0.41381448412698413 0.02072310405643739 0.005208333333333333
2 0.24889770723104057 0.41865079365079366 0.015432098765432098 0.004464285714285714
2 0.2623456790123457 0.3862847222222222 0.015873015873015872 0.007688492063492063
2 0.19466490299823633 0.37524801587301587 0.011904761904761904 0.007936507936507936
2 0.29828042328042326 0.3525545634920635 0.02072310405643739 0.009176587301587302
2 0.3165784832451499 0.47544642857142855 0.007054673721340388 0.008432539682539682
2 0.43386243386243384 0.4673859126984127 0.013227513227513227 0.009176587301587302
2 0.43430335097001765 0.45300099206349204 0.005291005291005291 0.007688492063492063
2 0.41380070546737213 0.44580853174603174 0.011904761904761904 0.007688492063492063
2 0.3595679012345679 0.4929315476190476 0.016313932980599646 0.005208333333333333
2 0.46825396825396826 0.5145089285714286 0.006172839506172839 0.009672619047619048
2 0.24713403880070547 0.5155009920634921 0.009259259259259259 0.009672619047619048
2 0.19466490299823633 0.5303819444444444 0.015432098765432098 0.006200396825396825
2 0.22134038800705466 0.5520833333333334 0.007936507936507936 0.009424603174603174
2 0.7627865961199295 0.4582093253968254 0.012345679012345678 0.011160714285714286
2 0.19444444444444445 0.3464781746031746 0.008818342151675485 0.008928571428571428
2 0.17548500881834214 0.34499007936507936 0.01146384479717813 0.008928571428571428
2 0.5476190476190477 0.14310515873015872 0.014991181657848324 0.008928571428571428
2 0.7409611992945326 0.08606150793650794 0.01984126984126984 0.004464285714285714
2 0.6474867724867724 0.36904761904761907 0.011904761904761904 0.005952380952380952
2 0.20612874779541446 0.24590773809523808 0.011904761904761904 0.007192460317460317
2 0.14263668430335097 0.37388392857142855 0.010141093474426807 0.01066468253968254
2 0.16732804232804233 0.37723214285714285 0.01455026455026455 0.005952380952380952
2 0.44290123456790126 0.37537202380952384 0.006613756613756613 0.007688492063492063
2 0.4486331569664903 0.400421626984127 0.007495590828924162 0.009176587301587302
2 0.5522486772486772 0.4618055555555556 0.01455026455026455 0.005952380952380952
2 0.61331569664903 0.6183035714285714 0.014109347442680775 0.007936507936507936
2 0.6721781305114638 0.7315228174603174 0.00837742504409171 0.012152777777777778
2 0.7649911816578483 0.7450396825396826 0.008818342151675485 0.01240079365079365
2 0.7630070546737213 0.8024553571428571 0.01984126984126984 0.009176587301587302
2 0.6313932980599647 0.20684523809523808 0.014109347442680775 0.006448412698412698
2 0.673721340388007 0.29898313492063494 0.014991181657848324 0.004216269841269841
2 0.44753086419753085 0.279265873015873 0.014991181657848324 0.00744047619047619
2 0.4737654320987654 0.31237599206349204 0.015432098765432098 0.006696428571428571
2 0.40828924162257496 0.33606150793650796 0.010582010582010581 0.006944444444444444
2 0.43805114638447973 0.34499007936507936 0.007495590828924162 0.008432539682539682
2 0.6518959435626103 0.5760168650793651 0.013668430335097001 0.006200396825396825
2 0.6959876543209876 0.6029265873015873 0.011022927689594356 0.008928571428571428
2 0.29188712522045857 0.2697172619047619 0.007936507936507936 0.00818452380952381
2 0.5831128747795414 0.5999503968253969 0.013668430335097001 0.00744047619047619
2 0.35714285714285715 0.22891865079365079 0.015873015873015872 0.005952380952380952
2 0.10052910052910052 0.3541666666666667 0.013227513227513227 0.006448412698412698
2 0.20502645502645503 0.4582093253968254 0.009700176366843033 0.007688492063492063
2 0.4675925925925926 0.3792162698412698 0.007495590828924162 0.006944444444444444
2 0.5712081128747796 0.32068452380952384 0.01895943562610229 0.003968253968253968
3 0.4541446208112875 0.4164186507936508 0.012345679012345678 0.005456349206349206
3 0.1267636684303351 0.1548859126984127 0.01455026455026455 0.004712301587301587
3 0.5114638447971781 0.21031746031746032 0.008818342151675485 0.00992063492063492
3 0.6027336860670194 0.5974702380952381 0.0026455026455026454 0.00248015873015873
3 0.6320546737213404 0.24144345238095238 0.00837742504409171 0.007192460317460317
3 0.8326719576719577 0.23983134920634921 0.009259259259259259 0.00744047619047619
