0 0.5110229276895943 0.28100198412698413 0.008818342151675485 0.006944444444444444
0 0.39969135802469136 0.35813492063492064 0.011904761904761904 0.005456349206349206
0 0.6909171075837742 0.34226190476190477 0.01146384479717813 0.005456349206349206
0 0.7292768959435626 0.34858630952380953 0.008818342151675485 0.006200396825396825
0 0.6673280423280423 0.37041170634920634 0.011022927689594356 0.004216269841269841
0 0.5416666666666666 0.3819444444444444 0.005731922398589065 0.00496031746031746
0 0.5167548500881834 0.37115575396825395 0.009700176366843033 0.005208333333333333
0 0.4559082892416226 0.44580853174603174 0.010582010582010581 0.005208333333333333
0 0.5824514991181657 0.4463045634920635 0.007936507936507936 0.006696428571428571
0 0.5291005291005291 0.44035218253968256 0.010582010582010581 0.004216269841269841
0 0.5438712522045855 0.44816468253968256 0.010141093474426807 0.005456349206349206
0 0.5998677248677249 0.4732142857142857 0.007495590828924162 0.005456349206349206
0 0.7180335097001763 0.4506448412698413 0.011022927689594356 0.005456349206349206
0 0.19907407407407407 0.48400297619047616 0.00837742504409171 0.007688492063492063
0 0.2140652557319224 0.49169146825396826 0.011022927689594356 0.005704365079365079
0 0.2279541446208113 0.4884672619047619 0.009700176366843033 0.005208333333333333
0 0.3194444444444444 0.535218253968254 0.007495590828924162 0.003472222222222222
0 0.33311287477954143 0.5286458333333334 0.011022927689594356 0.004216269841269841
0 0.4982363315696649 0.5522073412698413 0.008818342151675485 0.006200396825396825
0 0.49426807760141095 0.619171626984127 0.009700176366843033 0.004216269841269841
0 0.4093915343915344 0.6223958333333334 0.00837742504409171 0.005704365079365079
0 0.3802910052910053 0.6297123015873016 0.010141093474426807 0.005456349206349206
0 0.5745149911816578 0.5954861111111112 0.008818342151675485 0.005952380952380952
0 0.6474867724867724 0.6220238095238095 0.009259259259259259 0.00496031746031746
0 0.832010582010582 0.6924603174603174 0.007054673721340388 0.00496031746031746
0 0.8075396825396826 0.6003224206349206 0.011022927689594356 0.004216269841269841
0 0.9045414462081128 0.5487351190476191 0.011022927689594356 0.003224206349206349
0 0.8470017636684304 0.5225694444444444 0.010582010582010581 0.00496031746031746
0 0.8802910052910053 0.6491815476190477 0.011022927689594356 0.006200396825396825
0 0.7455908289241623 0.7261904761904762 0.007936507936507936 0.005952380952380952
0 0.4929453262786596 0.7643849206349206 0.007054673721340388 0.005456349206349206
0 0.5233686067019401 0.7668650793650794 0.010582010582010581 0.003968253968253968
0 0.4096119929453263 0.7316468253968254 0.009700176366843033 0.005952380952380952
0 0.2996031746031746 0.7223462301587301 0.006613756613756613 0.003720238095238095
0 0.1285273368606702 0.5834573412698413 0.009259259259259259 0.006200396825396825
0 0.25617283950617287 0.669890873015873 0.007936507936507936 0.00744047619047619
0 0.20127865961199295 0.3369295634920635 0.010141093474426807 0.006200396825396825
0 0.22310405643738976 0.36433531746031744 0.007936507936507936 0.006944444444444444
0 0.47861552028218696 0.5140128968253969 0.011022927689594356 0.005208333333333333
0 0.38932980599647266 0.6548859126984127 0.009700176366843033 0.006200396825396825
0 0.4098324514991182 0.5875496031746031 0.011022927689594356 0.005456349206349206
0 0.6690917107583775 0.7604166666666666 0.009259259259259259 0.006448412698412698
0 0.6377865961199295 0.7085813492063492 0.011904761904761904 0.006944444444444444
0 0.7151675485008818 0.6736111111111112 0.014991181657848324 0.005952380952380952
0 0.8198853615520282 0.6644345238095238 0.011904761904761904 0.00496031746031746
0 0.7572751322751323 0.636780753968254 0.010141093474426807 0.007192460317460317
0 0.7164902998236331 0.48759920634920634 0.010582010582010581 0.005456349206349206
0 0.6631393298059964 0.4897073412698413 0.008818342151675485 0.004712301587301587
0 0.6027336860670194 0.3792162698412698 0.008818342151675485 0.005952380952380952
0 0.4905202821869489 0.35280257936507936 0.010141093474426807 0.007192460317460317
1 0.49537037037037035 0.38851686507936506 0.006613756613756613 0.003720238095238095
1 0.5674603174603174 0.44580853174603174 0.004409171075837742 0.002728174603174603
1 0.5981040564373897 0.5047123015873016 0.006613756613756613 0.003472222222222222
1 0.17989417989417988 0.4859871031746032 0.007936507936507936 0.004712301587301587
1 0.49272486772486773 0.6465773809523809 0.010141093474426807 0.005952380952380952
1 0.19995590828924162 0.3794642857142857 0.006613756613756613 0.003472222222222222
1 0.4007936507936508 0.4782986111111111 0.005291005291005291 0.003224206349206349
1 0.23390652557319225 0.5798611111111112 0.011022927689594356 0.00496031746031746
1 0.2810846560846561 0.6346726190476191 0.007495590828924162 0.005952380952380952
1 0.47663139329806 0.5811011904761905 0.010582010582010581 0.00496031746031746
1 0.3800705467372134 0.4339037698412698 0.006172839506172839 0.003720238095238095
1 0.3904320987654321 0.48115079365079366 0.0048500881834215165 0.002976190476190476
1 0.32341269841269843 0.3158482142857143 0.003968253968253968 0.002232142857142857
1 0.36221340388007056 0.3515625 0.0030864197530864196 0.002232142857142857
1 0.3531746031746032 0.43787202380952384 0.003527336860670194 0.001736111111111111
1 0.30004409171075835 0.44853670634920634 0.003968253968253968 0.002232142857142857
1 0.17416225749559083 0.5267857142857143 0.003527336860670194 0.001984126984126984
1 0.12191358024691358 0.5368303571428571 0.005731922398589065 0.002728174603174603
1 0.43540564373897706 0.5359623015873016 0.003968253968253968 0.001984126984126984
1 0.443342151675485 0.4312996031746032 0.003968253968253968 0.001984126984126984
1 0.335978835978836 0.5916418650793651 0.013227513227513227 0.007688492063492063
1 0.5189594356261023 0.5456349206349206 0.006172839506172839 0.003968253968253968
1 0.19091710758377425 0.6207837301587301 0.005291005291005291 0.001984126984126984
1 0.30357142857142855 0.578125 0.0048500881834215165 0.001984126984126984
1 0.25066137566137564 0.5822172619047619 0.003968253968253968 0.002232142857142857
1 0.5187389770723104 0.6114831349206349 0.0048500881834215165 0.002232142857142857
1 0.6082451499118166 0.6843998015873016 0.005731922398589065 0.002728174603174603
1 0.6183862433862434 0.7712053571428571 0.005731922398589065 0.003224206349206349
1 0.6589506172839507 0.7635168650793651 0.005731922398589065 0.002728174603174603
1 0.5246913580246914 0.7553323412698413 0.0026455026455026454 0.001736111111111111
1 0.5573192239858906 0.6341765873015873 0.004409171075837742 0.00248015873015873
1 0.5804673721340388 0.6247519841269841 0.0030864197530864196 0.001488095238095238
2 0.3578042328042328 0.3334573412698413 0.010141093474426807 0.005704365079365079
2 0.27799823633156967 0.3637152777777778 0.013668430335097001 0.004216269841269841
2 0.3020282186948854 0.3940972222222222 0.009700176366843033 0.006448412698412698
2 0.14131393298059966 0.3707837301587302 0.010141093474426807 0.00744047619047619
2 0.2325837742504409 0.3715277777777778 0.009259259259259259 0.006448412698412698
2 0.167989417989418 0.42472718253968256 0.008818342151675485 0.006696428571428571
2 0.28858024691358025 0.4181547619047619 0.010141093474426807 0.006944444444444444
2 0.6631393298059964 0.3054315476190476 0.008818342151675485 0.007688492063492063
2 0.6029541446208113 0.32080853174603174 0.011904761904761904 0.005704365079365079
2 0.5392416225749559 0.37537202380952384 0.010582010582010581 0.005704365079365079
2 0.5147707231040565 0.33779761904761907 0.011022927689594356 0.005952380952380952
2 0.46671075837742504 0.39831349206349204 0.005731922398589065 0.007936507936507936
2 0.4501763668430335 0.3602430555555556 0.009700176366843033 0.004712301587301587
2 0.5701058201058201 0.4358878968253968 0.010582010582010581 0.006200396825396825
2 0.6166225749559083 0.4513888888888889 0.011022927689594356 0.005456349206349206
2 0.5533509700176367 0.44990079365079366 0.008818342151675485 0.005456349206349206
2 0.531084656084656 0.4585813492063492 0.011022927689594356 0.00496031746031746
2 0.7255291005291006 0.408234126984127 0.006613756613756613 0.006944444444444444
2 0.7440476190476191 0.4114583333333333 0.005731922398589065 0.006448412698412698
2 0.7978395061728395 0.423859126984127 0.009259259259259259 0.006448412698412698
2 0.8941798941798942 0.49404761904761907 0.010582010582010581 0.006448412698412698
2 0.7469135802469136 0.48896329365079366 0.007054673721340388 0.007192460317460317
2 0.17328042328042328 0.4833829365079365 0.009700176366843033 0.005456349206349206
2 0.2464726631393298 0.5224454365079365 0.006172839506172839 0.006696428571428571
2 0.37014991181657847 0.5431547619047619 0.007495590828924162 0.006944444444444444
2 0.5343915343915344 0.6427331349206349 0.006172839506172839 0.007688492063492063
2 0.578042328042328 0.6118551587301587 0.007054673721340388 0.006448412698412698
2 0.605379188712522 0.667906746031746 0.008818342151675485 0.005456349206349206
2 0.7918871252204586 0.689484126984127 0.01146384479717813 0.005952380952380952
2 0.7934303350970018 0.6294642857142857 0.003968253968253968 0.004464285714285714
2 0.781305114638448 0.5407986111111112 0.010582010582010581 0.004216269841269841
2 0.8714726631393298 0.5365823412698413 0.007495590828924162 0.007192460317460317
2 0.7896825396825397 0.503968253968254 0.005291005291005291 0.005456349206349206
2 0.7638888888888888 0.5115327380952381 0.010141093474426807 0.004216269841269841
2 0.32605820105820105 0.4603174603174603 0.007495590828924162 0.006448412698412698
2 0.42570546737213405 0.4758184523809524 0.011022927689594356 0.004216269841269841
2 0.607583774250441 0.7124255952380952 0.010582010582010581 0.005208333333333333
2 0.5740740740740741 0.7496279761904762 0.010582010582010581 0.005704365079365079
2 0.5167548500881834 0.7529761904761905 0.004409171075837742 0.006448412698412698
2 0.3355379188712522 0.6646825396825397 0.01146384479717813 0.006448412698412698
2 0.39285714285714285 0.7633928571428571 0.007936507936507936 0.006944444444444444
2 0.6664462081128748 0.5744047619047619 0.010141093474426807 0.004464285714285714
2 0.5 0.5775049603174603 0.007936507936507936 0.005704365079365079
2 0.16534391534391535 0.3629712301587302 0.007054673721340388 0.006696428571428571
2 0.17217813051146386 0.35181051587301587 0.013668430335097001 0.003224206349206349
2 0.18298059964726632 0.3431299603174603 0.012345679012345678 0.004712301587301587
2 0.22486772486772486 0.33978174603174605 0.008818342151675485 0.006944444444444444
2 0.304673721340388 0.32924107142857145 0.007936507936507936 0.006696428571428571
2 0.443342151675485 0.2819940476190476 0.007495590828924162 0.005952380952380952
2 0.38271604938271603 0.35007440476190477 0.010582010582010581 0.004712301587301587
2 0.37279541446208114 0.25731646825396826 0.012786596119929453 0.003720238095238095
2 0.27645502645502645 0.4453125 0.008818342151675485 0.007192460317460317
2 0.18408289241622575 0.4046378968253968 0.007495590828924162 0.006696428571428571
2 0.207010582010582 0.4105902777777778 0.010141093474426807 0.005208333333333333
2 0.4261463844797178 0.42943948412698413 0.011022927689594356 0.006200396825396825
2 0.24911816578483245 0.47160218253968256 0.01146384479717813 0.005208333333333333
2 0.4142416225749559 0.5200892857142857 0.011904761904761904 0.00496031746031746
2 0.4640652557319224 0.4915674603174603 0.009259259259259259 0.00496031746031746
2 0.5068342151675485 0.4905753968253968 0.011904761904761904 0.003968253968253968
2 0.5055114638447972 0.5029761904761905 0.011022927689594356 0.004464285714285714
2 0.5083774250440917 0.5121527777777778 0.008818342151675485 0.007936507936507936
2 0.4929453262786596 0.5081845238095238 0.008818342151675485 0.005952380952380952
2 0.4933862433862434 0.5159970238095238 0.013227513227513227 0.003720238095238095
2 0.5154320987654321 0.5407986111111112 0.010582010582010581 0.004712301587301587
2 0.5262345679012346 0.5451388888888888 0.007495590828924162 0.005952380952380952
2 0.31216931216931215 0.5333581349206349 0.007054673721340388 0.006696428571428571
2 0.3289241622574956 0.5476190476190477 0.01146384479717813 0.006448412698412698
2 0.21803350970017638 0.5153769841269841 0.00837742504409171 0.005952380952380952
2 0.22111992945326278 0.5265376984126984 0.010141093474426807 0.005952380952380952
2 0.2916666666666667 0.5364583333333334 0.011904761904761904 0.003968253968253968
2 0.40850970017636684 0.5576636904761905 0.007495590828924162 0.007688492063492063
2 0.4455467372134039 0.5612599206349206 0.012786596119929453 0.004464285714285714
2 0.5279982363315696 0.5874255952380952 0.009259259259259259 0.007688492063492063
2 0.5319664902998237 0.6189236111111112 0.010141093474426807 0.006200396825396825
2 0.29739858906525574 0.6034226190476191 0.011904761904761904 0.003968253968253968
2 0.30533509700176364 0.6164434523809523 0.011022927689594356 0.005704365079365079
2 0.17504409171075838 0.6512896825396826 0.014109347442680775 0.00496031746031746
2 0.31988536155202824 0.6741071428571429 0.015432098765432098 0.003968253968253968
2 0.3752204585537919 0.6974206349206349 0.008818342151675485 0.005952380952380952
2 0.3968253968253968 0.7144097222222222 0.009700176366843033 0.004712301587301587
2 0.416005291005291 0.6860119047619048 0.010141093474426807 0.005456349206349206
2 0.3932980599647266 0.6770833333333334 0.015873015873015872 0.006448412698412698
2 0.4731040564373898 0.6630704365079365 0.01146384479717813 0.004216269841269841
2 0.4107142857142857 0.6333085317460317 0.006613756613756613 0.007688492063492063
2 0.41335978835978837 0.6097470238095238 0.009259259259259259 0.004712301587301587
2 0.45458553791887124 0.5922619047619048 0.010582010582010581 0.00496031746031746
2 0.5282186948853616 0.6519097222222222 0.006172839506172839 0.006696428571428571
2 0.5048500881834215 0.5704365079365079 0.012345679012345678 0.003968253968253968
2 0.45987654320987653 0.6344246031746031 0.008818342151675485 0.005952380952380952
2 0.4074074074074074 0.7622767857142857 0.012345679012345678 0.004712301587301587
2 0.5376984126984127 0.7450396825396826 0.009259259259259259 0.00744047619047619
2 0.548941798941799 0.7121775793650794 0.01146384479717813 0.005208333333333333
2 0.7782186948853616 0.6951884920634921 0.009700176366843033 0.006448412698412698
2 0.5981040564373897 0.6743551587301587 0.011022927689594356 0.00496031746031746
2 0.7996031746031746 0.6985367063492064 0.010141093474426807 0.00818452380952381
2 0.8474426807760141 0.683531746031746 0.01146384479717813 0.004464285714285714
2 0.6979717813051146 0.644469246031746 0.01146384479717813 0.004216269841269841
2 0.7085537918871252 0.6529017857142857 0.01146384479717813 0.005208333333333333
2 0.6472663139329806 0.4947916666666667 0.007936507936507936 0.00744047619047619
2 0.7625661375661376 0.48288690476190477 0.010141093474426807 0.006448412698412698
2 0.783068783068783 0.4816468253968254 0.012345679012345678 0.005456349206349206
2 0.8112874779541446 0.4837549603174603 0.009700176366843033 0.007192460317460317
2 0.8234126984126984 0.4704861111111111 0.00837742504409171 0.006944444444444444
2 0.5268959435626103 0.5137648809523809 0.010582010582010581 0.004216269841269841
2 0.5577601410934744 0.5026041666666666 0.007936507936507936 0.007688492063492063
2 0.5789241622574955 0.5265376984126984 0.008818342151675485 0.006944444444444444
2 0.7054673721340388 0.5301339285714286 0.013227513227513227 0.004216269841269841
2 0.8489858906525574 0.5529513888888888 0.011022927689594356 0.005704365079365079
2 0.6060405643738977 0.49813988095238093 0.011904761904761904 0.004712301587301587
2 0.4759700176366843 0.5231894841269841 0.006613756613756613 0.007192460317460317
2 0.5696649029982364 0.5802331349206349 0.014109347442680775 0.003720238095238095
2 0.5859788359788359 0.5718005952380952 0.01146384479717813 0.004712301587301587
2 0.7354497354497355 0.5643601190476191 0.012345679012345678 0.006200396825396825
2 0.5679012345679012 0.380828373015873 0.01146384479717813 0.007192460317460317
2 0.58994708994709 0.38876488095238093 0.010582010582010581 0.006696428571428571
2 0.5612874779541446 0.40662202380952384 0.01146384479717813 0.005704365079365079
2 0.6205908289241623 0.36259920634920634 0.006613756613756613 0.006944444444444444
2 0.5520282186948854 0.3125 0.008818342151675485 0.005952380952380952
2 0.5670194003527337 0.4711061507936508 0.009700176366843033 0.006200396825396825
2 0.6095679012345679 0.427703373015873 0.013668430335097001 0.004712301587301587
3 0.44642857142857145 0.23077876984126985 0.00837742504409171 0.006200396825396825
3 0.48853615520282184 0.2418154761904762 0.01146384479717813 0.005952380952380952
3 0.2967372134038801 0.2347470238095238 0.007054673721340388 0.002728174603174603
3 0.31613756613756616 0.23077876984126985 0.007054673721340388 0.003224206349206349
3 0.3509700176366843 0.24503968253968253 0.006172839506172839 0.00248015873015873
3 0.3229717813051146 0.3080357142857143 0.00837742504409171 0.006448412698412698
3 0.3595679012345679 0.34052579365079366 0.00837742504409171 0.006448412698412698
3 0.41710758377425045 0.3203125 0.008818342151675485 0.007688492063492063
3 0.5022045855379189 0.36693948412698413 0.009700176366843033 0.004216269841269841
3 0.474647266313933 0.42584325396825395 0.011022927689594356 0.005456349206349206
3 0.6598324514991182 0.4052579365079365 0.003968253968253968 0.004464285714285714
3 0.7782186948853616 0.458953373015873 0.013227513227513227 0.005208333333333333
3 0.8974867724867724 0.5008680555555556 0.00837742504409171 0.004712301587301587
3 0.8745590828924162 0.5043402777777778 0.006613756613756613 0.005704365079365079
3 0.5784832451499118 0.4859871031746032 0.010582010582010581 0.004216269841269841
3 0.4625220458553792 0.5815972222222222 0.005291005291005291 0.005456349206349206
3 0.7916666666666666 0.6259920634920635 0.009259259259259259 0.00248015873015873
3 0.8937389770723104 0.5279017857142857 0.008818342151675485 0.004712301587301587
3 0.7740299823633157 0.4957837301587302 0.012786596119929453 0.006448412698412698
3 0.8963844797178131 0.5621279761904762 0.009700176366843033 0.007688492063492063
3 0.5665784832451499 0.7389632936507936 0.008818342151675485 0.006200396825396825
3 0.2993827160493827 0.6364087301587301 0.007054673721340388 0.006448412698412698
3 0.32164902998236333 0.5928819444444444 0.011022927689594356 0.004216269841269841
3 0.46141975308641975 0.35181051587301587 0.011022927689594356 0.004712301587301587
3 0.5238095238095238 0.4681299603174603 0.025573192239858905 0.013640873015873016
3 0.43187830687830686 0.41356646825396826 0.023368606701940034 0.014632936507936508
3 0.2447089947089947 0.4351438492063492 0.008818342151675485 0.006696428571428571
3 0.3628747795414462 0.498015873015873 0.01146384479717813 0.00744047619047619
3 0.27821869488536155 0.6004464285714286 0.010582010582010581 0.00744047619047619
3 0.673941798941799 0.6400049603174603 0.007495590828924162 0.004216269841269841
3 0.6966490299823633 0.4908234126984127 0.007054673721340388 0.007936507936507936
3 0.6333774250440917 0.49962797619047616 0.011904761904761904 0.004712301587301587
3 0.6483686067019401 0.5358382936507936 0.00837742504409171 0.006696428571428571
3 0.525352733686067 0.3253968253968254 0.01455026455026455 0.004464285714285714