4 0.26875 0.134375 0.05 0.0625
4 0.18515625 0.22109375 0.0328125 0.0796875
4 0.2109375 0.25625 0.025 0.034375
4 0.221875 0.30078125 0.04375 0.0515625
4 0.184375 0.42109375 0.0375 0.0484375
4 0.20234375 0.47265625 0.0234375 0.0328125
4 0.19453125 0.5296875 0.0765625 0.04375
4 0.1484375 0.584375 0.0375 0.034375
4 0.203125 0.584375 0.040625 0.034375
4 0.1625 0.6359375 0.034375 0.0375
4 0.16484375 0.7078125 0.0453125 0.034375
4 0.14296875 0.86171875 0.0421875 0.0453125
4 0.09921875 0.92421875 0.0421875 0.0296875
4 0.0875 0.9640625 0.040625 0.01875
4 0.13828125 0.7328125 0.0296875 0.028125
4 0.7328125 0.9796875 0.040625 0.034375