0 0.6421875 0.396875 0.028125 0.04375
2 0.828125 0.59375 0.034375 0.040625
2 0.65859375 0.35859375 0.0203125 0.0421875
2 0.77734375 0.14375 0.0234375 0.040625
2 0.7546875 0.23359375 0.028125 0.0390625
2 0.8 0.21015625 0.025 0.0359375
2 0.9546875 0.25859375 0.025 0.0328125
2 0.940625 0.02578125 0.021875 0.0328125
2 0.77109375 0.52734375 0.0328125 0.0265625
3 0.6046875 0.82421875 0.0375 0.0296875
3 0.82109375 0.0296875 0.0203125 0.015625
4 0.2515625 0.7703125 0.021875 0.021875
4 0.2875 0.77109375 0.01875 0.0140625
4 0.3390625 0.790625 0.01875 0.015625