1 0.81171875 0.559375 0.0203125 0.025
1 0.71796875 0.56328125 0.0234375 0.0265625
1 0.6515625 0.68359375 0.025 0.0203125
1 0.43203125 0.71015625 0.0265625 0.0265625
2 0.58828125 0.471875 0.0328125 0.0375
2 0.9234375 0.6296875 0.01875 0.034375
2 0.47421875 0.53515625 0.0234375 0.0359375
2 0.50703125 0.60625 0.0234375 0.0375
2 0.25859375 0.74375 0.0234375 0.040625
2 0.63515625 0.90390625 0.0359375 0.0328125
2 0.02421875 0.9546875 0.0265625 0.034375
3 0.3796875 0.56953125 0.021875 0.0203125
3 0.1875 0.86953125 0.040625 0.0328125