0 0.18203125 0.61640625 0.0296875 0.0390625
0 0.08359375 0.909375 0.0328125 0.0375
2 0.56796875 0.140625 0.0265625 0.0375
2 0.6640625 0.134375 0.021875 0.0375
2 0.46171875 0.04453125 0.0296875 0.0390625
2 0.33203125 0.14609375 0.0390625 0.0234375
2 0.009375 0.01328125 0.01875 0.0265625
2 0.01953125 0.24921875 0.0328125 0.0234375
2 0.1890625 0.5640625 0.0375 0.025
2 0.38984375 0.87265625 0.0359375 0.0234375
3 0.91328125 0.2046875 0.0390625 0.03125
3 0.77421875 0.559375 0.0265625 0.034375
3 0.83203125 0.7234375 0.0359375 0.028125