0 0.91484375 0.815625 0.0328125 0.025
0 0.9390625 0.3765625 0.025 0.03125
2 0.4453125 0.36328125 0.021875 0.0390625
2 0.66953125 0.57109375 0.0171875 0.0421875
2 0.684375 0.6 0.01875 0.0375
2 0.8515625 0.7 0.028125 0.046875
2 0.5515625 0.8609375 0.021875 0.040625
2 0.54609375 0.896875 0.0265625 0.040625
2 0.56015625 0.97421875 0.0328125 0.0390625
2 0.1015625 0.55234375 0.021875 0.0390625
2 0.16953125 0.621875 0.0296875 0.025
2 0.1375 0.82421875 0.01875 0.0328125
2 0.5109375 0.8078125 0.01875 0.040625
2 0.59140625 0.79296875 0.0203125 0.0453125
2 0.35 0.88671875 0.053125 0.0203125
2 0.66875 0.2078125 0.034375 0.021875
2 0.7890625 0.196875 0.021875 0.034375
3 0.575 0.790625 0.015625 0.021875
3 0.48671875 0.8671875 0.0171875 0.021875
3 0.28515625 0.74921875 0.0234375 0.0234375
3 0.55078125 0.6296875 0.0203125 0.03125
3 0.86875 0.628125 0.028125 0.03125
3 0.71484375 0.915625 0.0171875 0.0125
3 0.7015625 0.35078125 0.028125 0.0234375
3 0.9328125 0.40703125 0.028125 0.0296875
4 0.99765625 0.22890625 0.0140625 0.0140625
4 0.9984375 0.40703125 0.009375 0.0109375