1 0.30390625 0.8609375 0.0390625 0.0375
1 0.53984375 0.7421875 0.0359375 0.0375
1 0.62734375 0.6875 0.0390625 0.0375
1 0.68046875 0.7953125 0.0390625 0.0375
1 0.76875 0.8296875 0.040625 0.0375
1 0.878125 0.75390625 0.04375 0.0421875
2 0.68203125 0.35546875 0.0640625 0.0546875
2 0.6359375 0.66640625 0.04375 0.0171875
2 0.9671875 0.48984375 0.0625 0.0265625
2 0.81171875 0.8234375 0.0296875 0.05625
2 0.82734375 0.66640625 0.0515625 0.0296875
2 0.94453125 0.67265625 0.0671875 0.0296875
2 0.97578125 0.77265625 0.0234375 0.0640625
2 0.9734375 0.71328125 0.05 0.0296875
2 0.78671875 0.95859375 0.0671875 0.0296875
4 0.25625 0.97890625 0.025 0.0390625
4 0.69296875 0.99140625 0.0390625 0.0140625
4 0.99140625 0.57578125 0.0265625 0.0453125
4 0.990625 0.62734375 0.025 0.0328125