0 0.8875 0.890625 0.034375 0.025
0 0.9140625 0.7640625 0.034375 0.025
2 0.45234375 0.11328125 0.0203125 0.0390625
2 0.440625 0.20390625 0.03125 0.0546875
2 0.50625 0.14296875 0.034375 0.0359375
2 0.6109375 0.15 0.03125 0.03125
2 0.6734375 0.16796875 0.040625 0.0203125
2 0.35859375 0.46875 0.0515625 0.021875
2 0.54375 0.39921875 0.034375 0.0265625
2 0.5703125 0.29453125 0.034375 0.0265625
2 0.5296875 0.36171875 0.025 0.0328125
2 0.76015625 0.84921875 0.0328125 0.0171875
3 0.30625 0.5296875 0.015625 0.025
3 0.434375 0.5 0.025 0.015625
4 0.98984375 0.48828125 0.0203125 0.0328125