0 0.28046875 0.75859375 0.0359375 0.0359375
0 0.33828125 0.7671875 0.0390625 0.03125
0 0.41796875 0.85 0.0328125 0.03125
0 0.25546875 0.61640625 0.0390625 0.0265625
0 0.428125 0.6109375 0.03125 0.028125
1 0.6859375 0.546875 0.015625 0.015625
2 0.775 0.76875 0.03125 0.034375
2 0.5890625 0.59375 0.021875 0.028125
2 0.984375 0.83046875 0.01875 0.0328125
2 0.025 0.5953125 0.0375 0.04375
2 0.34296875 0.46875 0.0171875 0.0375
2 0.67734375 0.4984375 0.0453125 0.021875
2 0.64921875 0.384375 0.0359375 0.025
2 0.5109375 0.421875 0.0375 0.01875
2 0.75546875 0.29609375 0.0390625 0.0203125
2 0.8171875 0.4125 0.01875 0.028125
2 0.840625 0.44453125 0.04375 0.0265625
2 0.81015625 0.484375 0.0265625 0.021875
2 0.97109375 0.40703125 0.0265625 0.0328125
2 0.275 0.25078125 0.046875 0.0234375
2 0.559375 0.17421875 0.03125 0.0359375
2 0.35 0.08671875 0.05 0.0171875
2 0.5453125 0.0953125 0.021875 0.0375
2 0.55234375 0.0625 0.0203125 0.034375
2 0.13984375 0.025 0.0171875 0.03125
2 0.15390625 0.26015625 0.0234375 0.0296875
3 0.89921875 0.96328125 0.1265625 0.0796875
3 0.3765625 0.81171875 0.0375 0.0203125
3 0.3671875 0.63203125 0.025 0.0203125
3 0.44140625 0.39609375 0.0265625 0.0296875
3 0.48671875 0.06796875 0.0203125 0.0296875
3 0.76796875 0.5328125 0.0296875 0.015625
3 0.8546875 0.525 0.025 0.025
4 0.99609375 0.484375 0.0078125 0.015625
4 0.51015625 0.0125 0.0171875 0.025
4 0.0078125 0.2125 0.015625 0.0375