1 0.31484375 0.08125 0.0328125 0.034375
1 0.84609375 0.1453125 0.0390625 0.0375
1 0.703125 0.359375 0.0375 0.034375
1 0.64765625 0.43984375 0.0390625 0.0296875
1 0.62265625 0.17890625 0.0390625 0.0421875
1 0.75 0.55703125 0.04375 0.0390625
1 0.96953125 0.46015625 0.0390625 0.0390625
1 0.83671875 0.33984375 0.0359375 0.0359375
1 0.63125 0.50625 0.040625 0.0375
1 0.49765625 0.59296875 0.0390625 0.0390625
1 0.4984375 0.7125 0.0375 0.040625
1 0.7953125 0.61015625 0.04375 0.0484375
1 0.85390625 0.659375 0.0390625 0.034375
1 0.815625 0.803125 0.040625 0.0375
1 0.30859375 0.9734375 0.0390625 0.040625
1 0.66640625 0.85078125 0.0390625 0.0421875
2 0.64453125 0.06875 0.0265625 0.06875
2 0.92578125 0.11875 0.0515625 0.053125
2 0.89296875 0.16953125 0.0296875 0.0640625
2 0.76953125 0.11171875 0.0703125 0.0328125
2 0.9515625 0.2015625 0.03125 0.05625
2 0.9125 0.30234375 0.0375 0.0640625
2 0.88515625 0.346875 0.0640625 0.03125
2 0.584375 0.36875 0.034375 0.06875
2 0.65390625 0.3640625 0.0421875 0.053125
2 0.45234375 0.41328125 0.0421875 0.0578125
2 0.40546875 0.240625 0.0546875 0.053125
2 0.5015625 0.5296875 0.034375 0.075
2 0.40703125 0.5515625 0.0703125 0.028125
2 0.303125 0.5109375 0.04375 0.065625
2 0.575 0.60703125 0.059375 0.0265625
2 0.7328125 0.70703125 0.034375 0.0671875
2 0.74765625 0.78671875 0.0359375 0.0703125
2 0.93828125 0.696875 0.0296875 0.0625
2 0.95625 0.65234375 0.06875 0.0265625
2 0.5734375 0.86015625 0.028125 0.0734375
3 0.9671875 0.5953125 0.03125 0.03125
4 0.4890625 0.00546875 0.034375 0.0109375
4 0.921875 0.00859375 0.0125 0.0203125
4 0.86796875 0.01171875 0.0203125 0.0234375
4 0.99453125 0.4984375 0.0203125 0.034375
4 0.99453125 0.63125 0.0203125 0.015625
4 0.99375 0.81875 0.03125 0.04375