0 0.96796875 0.840625 0.0453125 0.04375
0 0.73828125 0.87265625 0.0328125 0.0359375
2 0.44140625 0.33984375 0.0421875 0.0453125
2 0.64296875 0.37265625 0.0234375 0.0546875
2 0.71875 0.42109375 0.0375 0.0390625
2 0.56484375 0.14765625 0.0328125 0.0265625
2 0.7828125 0.203125 0.040625 0.04375
2 0.94140625 0.278125 0.0484375 0.025
2 0.96875 0.03984375 0.04375 0.0421875
2 0.38359375 0.04375 0.0296875 0.046875
2 0.1734375 0.47109375 0.05625 0.0296875
2 0.8125 0.60234375 0.021875 0.0734375
2 0.8859375 0.80078125 0.05625 0.0328125
2 0.5890625 0.8359375 0.0375 0.040625
2 0.54453125 0.8703125 0.0515625 0.034375
2 0.71015625 0.92734375 0.0546875 0.0265625
2 0.20078125 0.9765625 0.0328125 0.04375
3 0.24375 0.69609375 0.015625 0.0265625
3 0.27421875 0.82421875 0.0234375 0.0203125
3 0.4875 0.7484375 0.025 0.034375
4 0.45 0.00625 0.021875 0.021875
4 0.77578125 0.00859375 0.0328125 0.0296875
4 0.6640625 0.984375 0.03125 0.034375
4 0.98828125 0.94375 0.0234375 0.0375