0 0.89375 0.575 0.053125 0.040625
0 0.57265625 0.390625 0.0546875 0.025
0 0.30703125 0.54609375 0.0578125 0.0296875
0 0.515625 0.4984375 0.05 0.040625
0 0.9046875 0.1125 0.0375 0.05625
2 0.625 0.8875 0.065625 0.075
2 0.30703125 0.79453125 0.0484375 0.0515625
2 0.4125 0.7875 0.053125 0.0375
2 0.07890625 0.65 0.0359375 0.040625
2 0.0984375 0.90859375 0.05625 0.0296875
2 0.76328125 0.37578125 0.0515625 0.0296875
2 0.92265625 0.35234375 0.0640625 0.0265625
2 0.78515625 0.28515625 0.0453125 0.0203125
2 0.15625 0.3578125 0.046875 0.05
2 0.365625 0.2625 0.034375 0.053125
2 0.47265625 0.27890625 0.0421875 0.0515625
3 0.959375 0.52109375 0.034375 0.0328125
3 0.50546875 0.19375 0.0296875 0.0375
4 0.9421875 0.98515625 0.059375 0.0265625
4 0.84375 0.9921875 0.015625 0.015625