0 0.58828125 0.35 0.0359375 0.03125
0 0.2796875 0.40234375 0.03125 0.0296875
0 0.33671875 0.6515625 0.0328125 0.03125
0 0.12890625 0.953125 0.0390625 0.034375
0 0.05703125 0.72578125 0.0328125 0.0265625
0 0.01640625 0.425 0.0359375 0.03125
0 0.4796875 0.7359375 0.025 0.028125
0 0.840625 0.62578125 0.03125 0.0296875
0 0.73515625 0.490625 0.0265625 0.034375
0 0.41796875 0.0515625 0.0328125 0.034375
2 0.15234375 0.7453125 0.0265625 0.04375
2 0.72734375 0.31171875 0.0265625 0.0453125
2 0.375 0.0125 0.0375 0.01875
2 0.98359375 0.03046875 0.0203125 0.0328125
3 0.6578125 0.29453125 0.025 0.0359375
3 0.80234375 0.27109375 0.0328125 0.0265625
3 0.93984375 0.3515625 0.0328125 0.01875
3 0.89921875 0.1796875 0.1296875 0.115625