0 0.79296875 0.6578125 0.0265625 0.03125
0 0.8703125 0.771875 0.034375 0.040625
1 0.834375 0.22109375 0.03125 0.0296875
1 0.91015625 0.91484375 0.0296875 0.0265625
2 0.63671875 0.10703125 0.0359375 0.0265625
2 0.97890625 0.50546875 0.0203125 0.0453125
2 0.93359375 0.7140625 0.0484375 0.021875
2 0.8609375 0.9140625 0.01875 0.0375
2 0.71171875 0.65078125 0.0359375 0.0203125
2 0.51171875 0.5609375 0.0515625 0.021875
2 0.0203125 0.70546875 0.034375 0.0390625
2 0.09140625 0.6140625 0.0296875 0.05
2 0.11484375 0.4234375 0.0390625 0.021875
2 0.2171875 0.303125 0.025 0.034375
2 0.23671875 0.24921875 0.0296875 0.0234375
2 0.025 0.1515625 0.03125 0.03125
3 0.5015625 0.865625 0.034375 0.028125
3 0.18984375 0.071875 0.0390625 0.028125