1 0.7875 0.29140625 0.021875 0.0203125
2 0.69453125 0.01953125 0.0328125 0.0390625
2 0.73984375 0.17578125 0.0359375 0.0296875
2 0.98046875 0.271875 0.0296875 0.03125
2 0.95 0.3484375 0.040625 0.028125
2 0.73203125 0.503125 0.0453125 0.040625
2 0.6875 0.4140625 0.040625 0.015625
2 0.6171875 0.3875 0.01875 0.0375
2 0.56171875 0.35234375 0.0203125 0.0359375
2 0.52109375 0.284375 0.0265625 0.03125
2 0.540625 0.2046875 0.0375 0.03125
3 0.69453125 0.209375 0.0328125 0.01875
3 0.34296875 0.0828125 0.0296875 0.028125