2 0.0921875 0.4859375 0.034375 0.034375
2 0.45546875 0.69609375 0.0171875 0.0359375
2 0.4109375 0.734375 0.01875 0.034375
2 0.50078125 0.71171875 0.0421875 0.0328125
2 0.8078125 0.17578125 0.025 0.0421875
2 0.8734375 0.215625 0.015625 0.040625
2 0.77578125 0.378125 0.0171875 0.040625
2 0.20859375 0.765625 0.0453125 0.015625
2 0.15859375 0.41640625 0.0296875 0.0265625
2 0.359375 0.675 0.021875 0.025
2 0.478125 0.39609375 0.034375 0.0296875
2 0.5171875 0.29296875 0.034375 0.0296875
2 0.53203125 0.2234375 0.0234375 0.025
2 0.62265625 0.92265625 0.0203125 0.0296875
2 0.66484375 0.609375 0.0265625 0.0375
2 0.7046875 0.9 0.021875 0.025
2 0.83671875 0.6828125 0.0265625 0.028125
2 0.8453125 0.48515625 0.028125 0.0234375
3 0.084375 0.68046875 0.01875 0.0234375
3 0.44296875 0.309375 0.0171875 0.034375
3 0.7859375 0.5046875 0.021875 0.028125
3 0.42578125 0.96953125 0.0265625 0.0296875
3 0.79296875 0.97109375 0.0296875 0.0234375
3 0.72109375 0.8015625 0.0234375 0.021875
3 0.9765625 0.534375 0.01875 0.028125
3 0.93125 0.16328125 0.01875 0.0203125
3 0.6 0.67890625 0.021875 0.0171875
3 0.75234375 0.60546875 0.0234375 0.0171875
3 0.8125 0.725 0.034375 0.01875
3 0.9609375 0.2703125 0.06875 0.021875
4 0.9953125 0.2453125 0.0125 0.021875