0 0.6953125 0.31796875 0.0375 0.0265625
0 0.0828125 0.1109375 0.034375 0.0375
0 0.0796875 0.6078125 0.0375 0.034375
0 0.2796875 0.69375 0.025 0.0375
0 0.3328125 0.71328125 0.0375 0.0421875
0 0.33671875 0.65546875 0.0390625 0.0359375
0 0.31171875 0.8390625 0.0359375 0.034375
0 0.52265625 0.76953125 0.0359375 0.0421875
0 0.4953125 0.90234375 0.040625 0.0359375
0 0.63046875 0.83515625 0.0390625 0.0328125
0 0.57265625 0.53515625 0.0421875 0.0390625
0 0.2015625 0.94765625 0.034375 0.0359375
2 0.6359375 0.2921875 0.028125 0.0375
2 0.38828125 0.0734375 0.0328125 0.025
2 0.07265625 0.7953125 0.0265625 0.053125
2 0.0640625 0.9203125 0.05 0.04375
3 0.42109375 0.53046875 0.0328125 0.0265625
4 0.39921875 0.98984375 0.0390625 0.0203125