1 0.778125 0.47109375 0.04375 0.0453125
1 0.64921875 0.684375 0.0390625 0.04375
1 0.759375 0.8359375 0.040625 0.04375
1 0.25390625 0.58515625 0.0203125 0.0203125
1 0.20625 0.5734375 0.04375 0.040625
1 0.3953125 0.69765625 0.04375 0.0421875
1 0.0796875 0.75390625 0.040625 0.0453125
1 0.24453125 0.8125 0.0484375 0.040625
1 0.440625 0.84921875 0.05 0.0546875
1 0.6359375 0.84765625 0.040625 0.0421875
1 0.57265625 0.9703125 0.0421875 0.040625
1 0.684375 0.89765625 0.040625 0.0453125
2 0.9125 0.48046875 0.046875 0.0671875
2 0.17109375 0.4890625 0.0671875 0.03125
2 0.340625 0.596875 0.046875 0.059375
2 0.20859375 0.6296875 0.0671875 0.03125
2 0.14609375 0.66953125 0.0671875 0.0390625
2 0.18359375 0.7125 0.0671875 0.034375
2 0.1765625 0.7703125 0.025 0.065625
2 0.0296875 0.665625 0.05 0.03125
2 0.015625 0.82109375 0.021875 0.0578125
2 0.578125 0.728125 0.028125 0.0625
2 0.66640625 0.76796875 0.0390625 0.0765625
2 0.5734375 0.7984375 0.065625 0.034375
2 0.35390625 0.9 0.0296875 0.0625
2 0.44453125 0.98125 0.0609375 0.028125
2 0.61875 0.92421875 0.03125 0.0671875
2 0.659375 0.98125 0.06875 0.03125
3 0.79375 0.690625 0.028125 0.034375
3 0.01640625 0.95390625 0.0234375 0.0296875