0 0.425 0.81875 0.04375 0.0375
2 0.82265625 0.03359375 0.0296875 0.0328125
2 0.64453125 0.03984375 0.0453125 0.0234375
2 0.67890625 0.09609375 0.0421875 0.0140625
2 0.72109375 0.45 0.0390625 0.021875
2 0.93515625 0.24375 0.0234375 0.040625
2 0.91640625 0.69453125 0.0453125 0.0265625
2 0.7671875 0.76640625 0.04375 0.0203125
2 0.740625 0.5984375 0.021875 0.04375
2 0.83515625 0.87421875 0.0296875 0.0359375
2 0.828125 0.93984375 0.0375 0.0171875
2 0.76640625 0.953125 0.0296875 0.034375
2 0.6890625 0.94609375 0.01875 0.0390625
2 0.4921875 0.8640625 0.01875 0.0375
2 0.5671875 0.7296875 0.0375 0.025
2 0.69296875 0.275 0.0390625 0.01875
2 0.9734375 0.4484375 0.0375 0.021875
2 0.6609375 0.69140625 0.01875 0.0328125
2 0.4359375 0.7828125 0.03125 0.025
2 0.4125 0.684375 0.040625 0.021875
2 0.44140625 0.5609375 0.0328125 0.034375
2 0.346875 0.72578125 0.03125 0.0328125
2 0.29609375 0.58203125 0.0265625 0.0390625
2 0.04609375 0.64921875 0.0359375 0.0328125
2 0.159375 0.7515625 0.025 0.03125
2 0.190625 0.1078125 0.046875 0.01875
2 0.1734375 0.171875 0.05 0.021875
3 0.5515625 0.89296875 0.078125 0.0953125
3 0.375 0.871875 0.021875 0.046875
3 0.66953125 0.20546875 0.0328125 0.0359375
3 0.5921875 0.31484375 0.021875 0.0171875
3 0.6859375 0.390625 0.021875 0.021875
3 0.76953125 0.1328125 0.0109375 0.0125
3 0.70234375 0.0453125 0.0171875 0.01875
3 0.5828125 0.61484375 0.021875 0.0171875
3 0.74609375 0.5 0.0265625 0.0375
3 0.43671875 0.19921875 0.0296875 0.0296875
4 0.79375 0.9921875 0.03125 0.015625
4 0.84609375 0.98671875 0.0234375 0.0234375
4 0.00703125 0.7265625 0.0140625 0.025
4 0.01171875 0.8203125 0.0234375 0.025