0 0.74140625 0.4828125 0.0328125 0.03125
0 0.8703125 0.546875 0.03125 0.03125
0 0.934375 0.5890625 0.025 0.03125
0 0.5265625 0.40390625 0.034375 0.0328125
0 0.19609375 0.490625 0.0328125 0.0375
0 0.38984375 0.85703125 0.0328125 0.0296875
0 0.3453125 0.86953125 0.0375 0.0328125
0 0.52890625 0.81171875 0.0296875 0.0265625
0 0.59375 0.85625 0.028125 0.028125
0 0.57578125 0.884375 0.0390625 0.021875
0 0.78984375 0.69921875 0.0359375 0.0296875
0 0.7375 0.659375 0.03125 0.03125
0 0.71953125 0.7328125 0.0359375 0.028125
0 0.090625 0.89453125 0.03125 0.0234375
2 0.8015625 0.4296875 0.021875 0.04375
2 0.75 0.2328125 0.025 0.021875
2 0.621875 0.12109375 0.021875 0.0328125
2 0.3796875 0.4546875 0.03125 0.025
2 0.1140625 0.76171875 0.03125 0.0234375
2 0.4375 0.63046875 0.03125 0.0296875
2 0.51171875 0.76953125 0.0234375 0.0390625
2 0.7078125 0.10078125 0.015625 0.0296875
2 0.30078125 0.26171875 0.0234375 0.0234375
2 0.30234375 0.31953125 0.0203125 0.0296875
2 0.86484375 0.4625 0.0203125 0.028125
2 0.4765625 0.228125 0.025 0.04375
3 0.771875 0.89296875 0.0375 0.0296875
3 0.78359375 0.27578125 0.0296875 0.0203125
3 0.79453125 0.175 0.0265625 0.028125
3 0.42578125 0.17109375 0.0265625 0.0328125
4 0.8296875 0.98984375 0.040625 0.0171875
4 0.9015625 0.98984375 0.04375 0.0203125