0 0.56640625 0.9671875 0.0296875 0.01875
1 0.103125 0.9421875 0.0375 0.0375
1 0.23671875 0.66328125 0.0390625 0.0421875
1 0.16015625 0.5421875 0.0359375 0.0375
1 0.24609375 0.50078125 0.0421875 0.0390625
1 0.4265625 0.55 0.040625 0.0375
1 0.671875 0.66953125 0.0375 0.0390625
1 0.72890625 0.4515625 0.0359375 0.034375
1 0.93203125 0.40703125 0.0390625 0.0359375
1 0.13046875 0.05625 0.0359375 0.040625
1 0.0359375 0.56328125 0.0375 0.0390625
1 0.61328125 0.5859375 0.0328125 0.03125
2 0.03203125 0.4890625 0.0578125 0.04375
2 0.1140625 0.4703125 0.0375 0.078125
2 0.13046875 0.59453125 0.0546875 0.0359375
2 0.39765625 0.58828125 0.0765625 0.0328125
2 0.15703125 0.8015625 0.0859375 0.028125
2 0.57421875 0.8453125 0.0671875 0.034375
2 0.61171875 0.38359375 0.0796875 0.0359375
3 0.021875 0.25234375 0.028125 0.0109375
3 0.76171875 0.8859375 0.0359375 0.03125
3 0.72578125 0.8171875 0.0296875 0.0375
3 0.403125 0.98671875 0.046875 0.0265625
3 0.59140625 0.559375 0.0265625 0.0375
4 0.00625 0.1734375 0.0125 0.021875
4 0.99296875 0.91875 0.0140625 0.0375