0 0.115625 0.01640625 0.034375 0.0203125
1 0.284375 0.39375 0.03125 0.028125
1 0.45859375 0.67421875 0.0265625 0.0265625
2 0.390625 0.465625 0.034375 0.04375
2 0.04140625 0.44609375 0.0453125 0.0296875
2 0.30625 0.309375 0.034375 0.034375
2 0.80546875 0.22109375 0.0296875 0.0390625
2 0.3828125 0.1765625 0.028125 0.028125
2 0.25703125 0.32109375 0.0328125 0.0203125
2 0.25546875 0.3515625 0.0296875 0.021875
2 0.1703125 0.40859375 0.021875 0.0359375
2 0.209375 0.4828125 0.03125 0.021875
2 0.01640625 0.4109375 0.0171875 0.028125
2 0.0125 0.4828125 0.025 0.028125
2 0.24296875 0.553125 0.0203125 0.028125
2 0.1859375 0.83046875 0.021875 0.0328125
2 0.23671875 0.80234375 0.0171875 0.0296875
2 0.30859375 0.7953125 0.0328125 0.025
2 0.36171875 0.96640625 0.0265625 0.0296875
2 0.6203125 0.6265625 0.028125 0.021875
2 0.7078125 0.65 0.021875 0.034375
2 0.8796875 0.88671875 0.028125 0.0265625
2 0.96640625 0.5515625 0.0265625 0.034375
3 0.053125 0.525 0.025 0.01875
3 0.1 0.9609375 0.13125 0.078125
3 0.896875 0.7859375 0.028125 0.025
3 0.403125 0.67421875 0.015625 0.0140625
3 0.54140625 0.70546875 0.0203125 0.0234375