1 0.9078125 0.33203125 0.0375 0.0359375
1 0.9265625 0.221875 0.0375 0.0375
1 0.89453125 0.43671875 0.0328125 0.0359375
1 0.9078125 0.4890625 0.040625 0.0375
1 0.821875 0.3625 0.0375 0.040625
1 0.440625 0.04921875 0.04375 0.0484375
1 0.634375 0.046875 0.040625 0.04375
1 0.6828125 0.09609375 0.0375 0.0421875
1 0.57265625 0.16875 0.0421875 0.040625
1 0.75625 0.0375 0.040625 0.040625
1 0.6875 0.31953125 0.034375 0.0328125
1 0.525 0.359375 0.0375 0.034375
1 0.4953125 0.41015625 0.040625 0.0421875
1 0.74453125 0.4546875 0.0328125 0.034375
1 0.73515625 0.4921875 0.0390625 0.040625
1 0.69609375 0.453125 0.0421875 0.040625
1 0.54375 0.5453125 0.040625 0.0375
1 0.65859375 0.59765625 0.0390625 0.0359375
1 0.26640625 0.4828125 0.0328125 0.034375
1 0.6859375 0.69140625 0.034375 0.0359375
1 0.8640625 0.59453125 0.034375 0.0390625
1 0.84609375 0.73359375 0.0390625 0.0359375
1 0.95625 0.74296875 0.03125 0.0359375
1 0.96796875 0.778125 0.0359375 0.0375
1 0.2203125 0.9328125 0.0375 0.034375
1 0.046875 0.94453125 0.040625 0.0421875
1 0.02734375 0.453125 0.0484375 0.04375
1 0.95078125 0.90625 0.0453125 0.040625
1 0.79140625 0.78671875 0.0390625 0.0390625
1 0.671875 0.8140625 0.0375 0.040625
1 0.64453125 0.95390625 0.0328125 0.0328125
1 0.675 0.88359375 0.028125 0.0203125
1 0.03671875 0.609375 0.0421875 0.046875
2 0.01484375 0.03046875 0.0234375 0.0515625
2 0.35234375 0.09765625 0.0390625 0.0640625
2 0.44609375 0.1828125 0.0671875 0.03125
2 0.97578125 0.32265625 0.0421875 0.0296875
2 0.90390625 0.29921875 0.0703125 0.0265625
2 0.9328125 0.3625 0.025 0.05625
2 0.97109375 0.38984375 0.0296875 0.0640625
2 0.96796875 0.49609375 0.0484375 0.0640625
2 0.75703125 0.26796875 0.0296875 0.0609375
2 0.7578125 0.3234375 0.059375 0.053125
2 0.78828125 0.39140625 0.0234375 0.0703125
2 0.71796875 0.39609375 0.0734375 0.0203125
2 0.67109375 0.41328125 0.0578125 0.0328125
2 0.73828125 0.42890625 0.0578125 0.0203125
2 0.77578125 0.46484375 0.0265625 0.0640625
2 0.6265625 0.3875 0.0375 0.0625
2 0.5796875 0.378125 0.0625 0.06875
2 0.61875 0.1265625 0.03125 0.059375
2 0.66015625 0.184375 0.0765625 0.0375
2 0.60859375 0.4625 0.0609375 0.034375
2 0.56484375 0.46484375 0.0359375 0.0640625
2 0.52265625 0.48671875 0.0671875 0.0296875
2 0.47890625 0.51875 0.0671875 0.034375
2 0.61796875 0.62890625 0.0359375 0.0703125
2 0.70703125 0.56796875 0.0265625 0.0703125
2 0.74609375 0.59296875 0.0421875 0.0484375
2 0.36015625 0.6953125 0.0265625 0.046875
2 0.7296875 0.72109375 0.0625 0.0203125
2 0.77734375 0.7375 0.0484375 0.028125
2 0.85859375 0.8046875 0.0671875 0.03125
2 0.91484375 0.60625 0.0671875 0.028125
2 0.90234375 0.86875 0.0453125 0.0625
2 0.79375 0.9875 0.05625 0.021875
2 0.52578125 0.83203125 0.0609375 0.0453125
2 0.0921875 0.9671875 0.03125 0.0625
2 0.128125 0.9203125 0.05625 0.05625
2 0.246875 0.92421875 0.04375 0.0515625
2 0.075 0.79375 0.040625 0.059375
2 0.1140625 0.784375 0.034375 0.071875
2 0.22734375 0.8 0.0359375 0.05625
2 0.1078125 0.6109375 0.053125 0.046875
2 0.0609375 0.54609375 0.08125 0.0421875
2 0.18125 0.5046875 0.0625 0.05
3 0.4625 0.61015625 0.034375 0.0296875
3 0.0125 0.1546875 0.021875 0.025
3 0.0265625 0.0875 0.01875 0.015625
3 0.49140625 0.909375 0.0515625 0.053125
4 0.58671875 0.0078125 0.0578125 0.028125
4 0.23828125 0.01484375 0.0703125 0.0640625
4 0.9984375 0.43203125 0.021875 0.0390625
4 0.99609375 0.72109375 0.0265625 0.0578125
4 0.1609375 0.98671875 0.0375 0.0328125
4 -0.00234375 0.89375 0.0203125 0.046875