0 0.425 0.01875 0.034375 0.03125
1 0.04453125 0.184375 0.0328125 0.021875
2 0.83359375 0.07578125 0.0265625 0.0359375
2 0.82890625 0.140625 0.0359375 0.025
2 0.8484375 0.19375 0.015625 0.034375
2 0.76796875 0.15546875 0.0359375 0.0359375
2 0.68828125 0.146875 0.0234375 0.0375
2 0.69609375 0.29921875 0.0359375 0.0296875
2 0.49296875 0.0625 0.0203125 0.034375
2 0.59765625 0.4359375 0.0234375 0.040625
2 0.8734375 0.471875 0.03125 0.034375
2 0.93046875 0.7609375 0.0203125 0.0375
2 0.9578125 0.83359375 0.040625 0.0203125
2 0.9703125 0.8125 0.021875 0.015625
2 0.978125 0.9109375 0.01875 0.03125
2 0.7984375 0.2015625 0.03125 0.028125
2 0.109375 0.2921875 0.059375 0.021875
2 0.40625 0.33125 0.025 0.0375
2 0.084375 0.87265625 0.034375 0.0265625
2 0.234375 0.91953125 0.034375 0.0328125
2 0.403125 0.95859375 0.0375 0.0203125
2 0.5015625 0.78671875 0.034375 0.0234375
2 0.3046875 0.43046875 0.03125 0.0390625
2 0.73984375 0.6578125 0.0390625 0.028125
3 0.55 0.0921875 0.08125 0.09375
3 0.209375 0.41796875 0.09375 0.0890625
3 0.3765625 0.0734375 0.01875 0.034375
3 0.84140625 0.2484375 0.0296875 0.03125
3 0.89609375 0.26328125 0.0328125 0.0359375
3 0.615625 0.52265625 0.025 0.0265625
3 0.28359375 0.2578125 0.0421875 0.034375
3 0.3109375 0.3703125 0.03125 0.0125
4 0.01875 0.02890625 0.034375 0.0203125