0 0.16875 0.8421875 0.040625 0.040625
0 0.88984375 0.6953125 0.0390625 0.040625
2 0.953125 0.34609375 0.053125 0.0390625
2 0.16875 0.0421875 0.040625 0.04375
2 0.2296875 0.10859375 0.03125 0.0484375
2 0.30078125 0.0703125 0.0171875 0.034375
2 0.23828125 0.23671875 0.0453125 0.0328125
2 0.1421875 0.278125 0.05 0.021875
2 0.37265625 0.32265625 0.0453125 0.0390625
2 0.49140625 0.39453125 0.0515625 0.0328125
2 0.43984375 0.278125 0.0359375 0.034375
2 0.609375 0.21640625 0.046875 0.0359375
2 0.51484375 0.49921875 0.0296875 0.0484375
2 0.3609375 0.528125 0.0375 0.0375
2 0.61953125 0.6296875 0.0546875 0.025
2 0.68984375 0.6046875 0.0484375 0.034375
2 0.75234375 0.65078125 0.0578125 0.0265625
2 0.725 0.91796875 0.0375 0.0515625
2 0.57265625 0.96640625 0.0453125 0.0421875
2 0.19765625 0.93828125 0.0390625 0.0453125
2 0.08671875 0.80234375 0.0578125 0.0359375
2 0.0140625 0.6015625 0.021875 0.071875
3 0.434375 0.52421875 0.03125 0.0390625
3 0.57265625 0.43046875 0.0296875 0.0390625