0 0.45859375 0.8828125 0.0328125 0.028125
0 0.3953125 0.9171875 0.03125 0.034375
0 0.17421875 0.9125 0.0265625 0.03125
0 0.98203125 0.75390625 0.0359375 0.0359375
1 0.91328125 0.1140625 0.0296875 0.03125
2 0.18671875 0.9640625 0.0171875 0.03125
2 0.29375 0.87421875 0.025 0.0359375
2 0.1734375 0.71796875 0.01875 0.0359375
2 0.7453125 0.77890625 0.059375 0.0296875
2 0.065625 0.46953125 0.04375 0.0265625
2 0.565625 0.3859375 0.0375 0.025
2 0.6734375 0.2953125 0.0375 0.015625
2 0.86171875 0.1140625 0.0203125 0.034375
2 0.84921875 0.49140625 0.0328125 0.0203125
2 0.02578125 0.2125 0.0328125 0.01875
3 0.0328125 0.9203125 0.021875 0.028125
3 0.15 0.85078125 0.021875 0.0171875
3 0.128125 0.69921875 0.01875 0.0171875
3 0.35078125 0.76171875 0.0140625 0.0203125
3 0.2234375 0.62265625 0.025 0.0203125
3 0.27578125 0.625 0.0203125 0.01875
3 0.43515625 0.490625 0.0265625 0.01875
3 0.7453125 0.2375 0.028125 0.0375
3 0.9375 0.2921875 0.034375 0.01875
3 0.50234375 0.0640625 0.0359375 0.025
4 0.596875 0.98671875 0.0375 0.0265625