0 0.5703125 0.96328125 0.034375 0.0203125
1 0.1734375 0.73125 0.01875 0.01875
1 0.5765625 0.48671875 0.03125 0.0328125
1 0.53046875 0.0265625 0.0265625 0.028125
1 0.4859375 0.15546875 0.01875 0.0171875
2 0.30859375 0.715625 0.0390625 0.0375
2 0.55 0.91640625 0.04375 0.0234375
2 0.60234375 0.90390625 0.0390625 0.0328125
2 0.71953125 0.92265625 0.0296875 0.0234375
2 0.7484375 0.9734375 0.025 0.053125
2 0.6765625 0.66640625 0.03125 0.0203125
2 0.82421875 0.5296875 0.0234375 0.034375
2 0.503125 0.28828125 0.025 0.0296875
2 0.56796875 0.08671875 0.0234375 0.0265625
2 0.80625 0.09140625 0.028125 0.0359375
2 0.98046875 0.20078125 0.0296875 0.0296875
3 0.85546875 0.92890625 0.0296875 0.0234375
3 0.66171875 0.85390625 0.0296875 0.0328125
3 0.03671875 0.63671875 0.0234375 0.0328125
3 0.26328125 0.534375 0.0265625 0.03125
3 0.35 0.47890625 0.0125 0.0109375
3 0.278125 0.3921875 0.0125 0.015625
3 0.2734375 0.34609375 0.0125 0.0109375
3 0.14765625 0.20625 0.0140625 0.015625
3 0.18828125 0.26171875 0.0359375 0.0234375
3 0.09140625 0.47890625 0.0296875 0.0203125
3 0.7765625 0.6625 0.015625 0.0125
3 0.75859375 0.6015625 0.0109375 0.0125
3 0.72734375 0.20546875 0.0171875 0.0140625
3 0.98203125 0.4546875 0.0234375 0.0375
4 0.73046875 0.99296875 0.0140625 0.0140625
4 0.0046875 0.39921875 0.009375 0.0328125