1 0.66328125 0.503125 0.0296875 0.028125
2 0.64453125 0.53125 0.0328125 0.034375
2 0.1484375 0.4921875 0.040625 0.021875
2 0.27734375 0.546875 0.0390625 0.021875
2 0.18203125 0.415625 0.0359375 0.034375
2 0.56875 0.2640625 0.028125 0.034375
2 0.696875 0.3828125 0.028125 0.0375
2 0.91640625 0.36171875 0.0296875 0.0296875
2 0.8890625 0.26875 0.0375 0.01875
2 0.97578125 0.10859375 0.0203125 0.0296875
2 0.95625 0.03671875 0.034375 0.0171875
2 0.084375 0.075 0.040625 0.03125
2 0.23359375 0.121875 0.0265625 0.028125
2 0.4015625 0.1609375 0.0375 0.028125
2 0.8484375 0.371875 0.0375 0.021875
2 0.678125 0.3359375 0.028125 0.03125
3 0.33984375 0.27421875 0.0328125 0.0234375
3 0.91484375 0.53046875 0.0140625 0.0234375
3 0.91328125 0.5828125 0.0171875 0.01875
3 0.9796875 0.7109375 0.0125 0.021875
3 0.7953125 0.32265625 0.015625 0.0203125
3 0.64296875 0.43828125 0.0390625 0.0265625
4 0.97578125 0.01328125 0.0203125 0.0234375