1 0.88828125 0.13203125 0.0359375 0.0421875
1 0.709375 0.1421875 0.040625 0.040625
1 0.67734375 0.04296875 0.0390625 0.0390625
1 0.50625 0.19375 0.034375 0.034375
1 0.36484375 0.04765625 0.0359375 0.0359375
1 0.20390625 0.01640625 0.0359375 0.0265625
1 0.1828125 0.2765625 0.040625 0.034375
1 0.14140625 0.36875 0.0421875 0.046875
1 0.278125 0.08203125 0.0375 0.0421875
1 0.3859375 0.40546875 0.0375 0.0390625
1 0.6609375 0.40703125 0.040625 0.0390625
1 0.8203125 0.29296875 0.03125 0.0390625
1 0.73046875 0.865625 0.0453125 0.05
2 0.81796875 0.0296875 0.0265625 0.05625
2 0.8765625 0.04609375 0.0375 0.0578125
2 0.821875 0.11796875 0.03125 0.0734375
2 0.74296875 0.146875 0.0265625 0.06875
2 0.790625 0.1890625 0.05625 0.053125
2 0.6296875 0.22265625 0.034375 0.0734375
2 0.58515625 0.24921875 0.0421875 0.0640625
2 0.321875 0.0390625 0.05625 0.046875
2 0.10390625 0.23828125 0.0546875 0.0515625
2 0.32109375 0.2015625 0.0734375 0.034375
2 0.3234375 0.26484375 0.046875 0.0671875
2 0.40078125 0.15703125 0.0265625 0.0734375
3 0.03359375 0.5546875 0.0390625 0.04375
3 0.353125 0.60234375 0.040625 0.0421875
4 0.896875 0.00859375 0.015625 0.0203125
4 0.01875 0.0125 0.05 0.0375
4 0.996875 0.37734375 0.03125 0.0390625
4 0.7484375 0.0234375 0.034375 0.05625