0 0.19453125 0.52734375 0.0546875 0.0421875
0 0.140625 0.0515625 0.059375 0.05
2 0.17734375 0.69453125 0.0671875 0.0453125
2 0.2109375 0.28828125 0.040625 0.0765625
2 0.48515625 0.27265625 0.0734375 0.0359375
2 0.9453125 0.30703125 0.05 0.0546875
2 0.84765625 0.12265625 0.0640625 0.0390625
2 0.23515625 0.1171875 0.0390625 0.0625
2 0.0359375 0.06953125 0.059375 0.0578125
4 0.01484375 0.63046875 0.0296875 0.0421875
4 0.01171875 0.71953125 0.0296875 0.0421875
4 0.02578125 0.83671875 0.0578125 0.0453125
4 0.94296875 0.015625 0.0359375 0.028125