1 0.5078125 0.05078125 0.034375 0.0328125
1 0.14140625 0.22421875 0.0421875 0.0484375
1 0.1859375 0.13125 0.04375 0.04375
1 0.38671875 0.2609375 0.0453125 0.04375
1 0.6609375 0.26328125 0.040625 0.0390625
1 0.73046875 0.72265625 0.0421875 0.0421875
1 0.353125 0.4609375 0.040625 0.0375
1 0.82265625 0.146875 0.0359375 0.040625
2 0.790625 0.0453125 0.059375 0.046875
2 0.6296875 0.078125 0.0375 0.071875
2 0.58515625 0.1046875 0.0421875 0.06875
2 0.321875 0.0578125 0.065625 0.03125
2 0.3234375 0.11328125 0.05 0.0609375
2 0.1015625 0.0953125 0.05625 0.05
3 0.03671875 0.41328125 0.0390625 0.0484375
4 0.72734375 0.0171875 0.0734375 0.05
4 0.86328125 0.003125 0.0921875 0.0375
4 0.4 0.0234375 0.028125 0.053125
4 0.99609375 0.23359375 0.0296875 0.0421875