1 0.65859375 0.359375 0.0296875 0.021875
2 0.88828125 0.1265625 0.0390625 0.01875
2 0.91953125 0.21953125 0.0421875 0.0390625
2 0.84765625 0.228125 0.0421875 0.03125
2 0.70078125 0.2390625 0.0359375 0.04375
2 0.146875 0.3484375 0.0375 0.025
2 0.1828125 0.271875 0.034375 0.028125
2 0.27734375 0.40703125 0.0421875 0.0296875
2 0.64453125 0.38515625 0.0359375 0.0296875
2 0.5703125 0.1203125 0.034375 0.028125
2 0.4078125 0.02109375 0.046875 0.0203125
2 0.678125 0.19375 0.03125 0.034375
3 0.64765625 0.29453125 0.0359375 0.0234375
3 0.91328125 0.440625 0.0171875 0.021875
3 0.91875 0.38125 0.0125 0.0125
3 0.94921875 0.40390625 0.0109375 0.0140625
3 0.9828125 0.56640625 0.015625 0.0171875
3 0.7953125 0.17421875 0.015625 0.0203125
3 0.3421875 0.13203125 0.04375 0.0171875