1 0.2640625 0.57890625 0.025 0.0265625
2 0.82734375 0.73046875 0.0421875 0.0328125
2 0.81171875 0.54375 0.0359375 0.0375
2 0.2078125 0.259375 0.03125 0.0375
2 0.00859375 0.1734375 0.0171875 0.046875
2 0.075 0.21640625 0.015625 0.0390625
2 0.590625 0.89609375 0.040625 0.0234375
2 0.69375 0.85234375 0.0375 0.0265625
2 0.7984375 0.92421875 0.0375 0.0203125
2 0.8078125 0.95859375 0.025 0.0390625
2 0.8203125 0.434375 0.03125 0.0375
2 0.30390625 0.7125 0.0265625 0.034375
2 0.321875 0.25546875 0.04375 0.0234375
2 0.178125 0.5359375 0.01875 0.034375
2 0.225 0.70234375 0.03125 0.0171875
2 0.2703125 0.69765625 0.028125 0.0171875
2 0.7359375 0.7953125 0.025 0.015625
2 0.82578125 0.9140625 0.0171875 0.034375
2 0.68515625 0.5515625 0.0328125 0.015625
2 0.040625 0.4875 0.021875 0.034375
2 0.03359375 0.684375 0.0203125 0.025
3 0.15703125 0.271875 0.0703125 0.028125
3 0.73203125 0.46484375 0.0140625 0.0171875
3 0.6984375 0.41328125 0.015625 0.0140625
3 0.67109375 0.45234375 0.0109375 0.0171875
3 0.6859375 0.4625 0.0125 0.009375
3 0.93671875 0.8640625 0.0265625 0.015625
3 0.46171875 0.6140625 0.0140625 0.01875
3 0.49453125 0.60625 0.0140625 0.015625
3 0.4484375 0.5703125 0.009375 0.015625
3 0.40078125 0.5046875 0.0109375 0.0125
3 0.50390625 0.6875 0.0203125 0.015625
3 0.3703125 0.90546875 0.196875 0.1859375
3 0.01796875 0.72421875 0.0265625 0.0203125
3 0.77109375 0.5890625 0.0296875 0.01875
3 0.75546875 0.48671875 0.0171875 0.0265625
3 0.4625 0.3109375 0.028125 0.025
3 0.365625 0.34609375 0.015625 0.0265625
3 0.39765625 0.3671875 0.0328125 0.028125
3 0.13125 0.16328125 0.01875 0.0171875
3 0.21484375 0.35390625 0.0171875 0.0203125
3 0.34765625 0.48125 0.0171875 0.01875
3 0.48359375 0.4375 0.0140625 0.0125
3 0.49375 0.32265625 0.0125 0.0203125
3 0.603125 0.46015625 0.0125 0.0171875
3 0.896875 0.39609375 0.015625 0.0140625