0 0.39140625 0.0390625 0.0328125 0.028125
0 0.09609375 0.0765625 0.0390625 0.034375
2 0.590625 0.628125 0.03125 0.03125
2 0.48359375 0.240625 0.0265625 0.03125
2 0.365625 0.18828125 0.028125 0.0234375
2 0.30625 0.465625 0.028125 0.04375
2 0.28984375 0.51484375 0.0328125 0.0265625
2 0.303125 0.65078125 0.028125 0.0296875
2 0.346875 0.78828125 0.028125 0.0265625
2 0.2859375 0.784375 0.025 0.040625
2 0.140625 0.65390625 0.025 0.0265625
2 0.03515625 0.79609375 0.0578125 0.0265625
2 0.36640625 0.9734375 0.0453125 0.0375
2 0.04140625 0.35078125 0.0296875 0.0234375
2 0.15234375 0.22421875 0.0328125 0.0171875
3 0.528125 0.525 0.025 0.021875
3 0.19609375 0.675 0.0296875 0.025
3 0.25390625 0.9234375 0.0234375 0.01875
4 0.00625 0.4421875 0.0125 0.025
4 0.9296875 0.12890625 0.115625 0.1046875
4 0.84375 0.146875 0.040625 0.06875
4 0.653125 0.678125 0.025 0.025