0 0.7109375 0.46875 0.034375 0.03125
0 0.85078125 0.45390625 0.0328125 0.0359375
0 0.8765625 0.49375 0.0375 0.034375
0 0.846875 0.6203125 0.03125 0.034375
0 0.7015625 0.0875 0.028125 0.03125
0 0.35 0.68671875 0.03125 0.0328125
0 0.96953125 0.78984375 0.0328125 0.0328125
0 0.871875 0.9734375 0.034375 0.0375
0 0.21796875 0.51796875 0.0234375 0.0296875
1 0.27578125 0.6703125 0.0203125 0.015625
2 0.86328125 0.5765625 0.0359375 0.034375
2 0.3234375 0.2703125 0.040625 0.025
2 0.32734375 0.37421875 0.0328125 0.0265625
2 0.16640625 0.55 0.0265625 0.03125
2 0.4078125 0.58203125 0.03125 0.0265625
2 0.08046875 0.88671875 0.0234375 0.0328125
2 0.31484375 0.921875 0.0296875 0.021875
2 0.44296875 0.959375 0.0234375 0.025
3 0.0765625 0.2203125 0.0125 0.0125
3 0.2109375 0.1078125 0.0125 0.0125
3 0.4484375 0.46328125 0.01875 0.0140625
3 0.096875 0.7859375 0.034375 0.025
3 0.2953125 0.85 0.021875 0.015625
3 0.39375 0.7671875 0.015625 0.015625
3 0.0203125 0.57578125 0.0125 0.0109375
3 0.6640625 0.6890625 0.015625 0.0125
4 0.009375 0.221875 0.01875 0.040625
4 0.984375 0.20234375 0.015625 0.0140625
4 0.665625 0.9875 0.04375 0.028125