0 0.6765625 0.53984375 0.03125 0.0234375
0 0.73671875 0.5671875 0.0265625 0.021875
0 0.67265625 0.5875 0.0265625 0.03125
0 0.696875 0.6453125 0.034375 0.03125
0 0.60390625 0.60234375 0.0296875 0.0265625
0 0.55703125 0.62421875 0.0328125 0.0328125
0 0.4 0.48046875 0.034375 0.0265625
0 0.07109375 0.546875 0.0296875 0.028125
0 0.13671875 0.590625 0.0203125 0.034375
0 0.52578125 0.7421875 0.0359375 0.03125
1 0.2265625 0.61484375 0.025 0.0296875
1 0.23515625 0.9390625 0.0203125 0.021875
1 0.5140625 0.60703125 0.025 0.0234375
2 0.62734375 0.44140625 0.0421875 0.0328125
2 0.7640625 0.5015625 0.025 0.025
2 0.82578125 0.11328125 0.0140625 0.0265625
2 0.7984375 0.12421875 0.034375 0.0234375
2 0.80546875 0.159375 0.0265625 0.040625
2 0.69296875 0.05234375 0.0359375 0.0296875
2 0.821875 0.303125 0.021875 0.025
2 0.59140625 0.0984375 0.0421875 0.01875
2 0.06328125 0.4609375 0.0140625 0.034375
3 0.3765625 0.14453125 0.209375 0.2546875
3 0.43046875 0.57265625 0.0953125 0.1078125
3 0.36796875 0.7234375 0.0703125 0.090625
3 0.29140625 0.88671875 0.0609375 0.0515625
3 0.96953125 0.7640625 0.0203125 0.021875
3 0.94296875 0.91484375 0.0140625 0.0203125
3 0.94921875 0.97265625 0.0171875 0.0265625
3 0.846875 0.57734375 0.01875 0.0203125
3 0.925 0.4515625 0.021875 0.021875
3 0.6390625 0.2125 0.028125 0.0125
3 0.53515625 0.9125 0.0234375 0.0375
3 0.42421875 0.82109375 0.0140625 0.0140625
3 0.728125 0.490625 0.015625 0.015625
4 0.34140625 0.97734375 0.1203125 0.0421875
4 0.025 0.9875 0.034375 0.021875
4 0.09765625 0.9875 0.0453125 0.01875
4 0.01015625 0.4140625 0.0203125 0.021875