1 0.63984375 0.1359375 0.0265625 0.028125
1 0.346875 0.1453125 0.05 0.04375
1 0.128125 0.22109375 0.0375 0.0359375
1 0.10703125 0.33203125 0.0359375 0.0359375
1 0.0234375 0.36328125 0.040625 0.0390625
1 0.09375 0.43359375 0.0375 0.0359375
1 0.10859375 0.48984375 0.0390625 0.0421875
1 0.26875 0.21171875 0.034375 0.0296875
1 0.26015625 0.28203125 0.0359375 0.0359375
1 0.51484375 0.40390625 0.0421875 0.0390625
1 0.0625 0.5921875 0.034375 0.034375
1 0.04453125 0.73515625 0.0328125 0.0359375
1 0.2078125 0.71640625 0.040625 0.0421875
1 0.15390625 0.74140625 0.0390625 0.0390625
1 0.16875 0.7734375 0.040625 0.03125
1 0.36875 0.69921875 0.0375 0.0359375
1 0.48125 0.78359375 0.0375 0.0359375
1 0.94375 0.70078125 0.04375 0.0421875
1 0.915625 0.64921875 0.04375 0.0453125
1 0.15 0.90625 0.040625 0.0375
1 0.346875 0.86796875 0.0375 0.0421875
1 0.296875 0.8046875 0.04375 0.0375
1 0.2875 0.9546875 0.0375 0.040625
1 0.48515625 0.9375 0.0359375 0.0375
2 0.5390625 0.05 0.053125 0.05
2 0.29140625 0.15234375 0.0421875 0.0609375
2 0.21953125 0.24140625 0.0390625 0.0546875
2 0.10625 0.3 0.06875 0.03125
2 0.13203125 0.36328125 0.0265625 0.0578125
2 0.18828125 0.321875 0.0734375 0.0375
2 0.17265625 0.38828125 0.0296875 0.0671875
2 0.209375 0.44375 0.04375 0.065625
2 0.1703125 0.49765625 0.05 0.0640625
2 0.23203125 0.5140625 0.0578125 0.053125
2 0.30859375 0.31484375 0.0671875 0.0359375
2 0.39296875 0.365625 0.0328125 0.065625
2 0.4078125 0.44609375 0.0625 0.0421875
2 0.4140625 0.49375 0.071875 0.025
2 0.4125 0.52265625 0.075 0.0296875
2 0.46640625 0.47890625 0.0328125 0.0703125
2 0.23671875 0.63515625 0.0265625 0.0890625
2 0.11328125 0.60703125 0.0671875 0.0296875
2 0.05859375 0.803125 0.0671875 0.03125
2 0.3875 0.7453125 0.025 0.065625
2 0.42421875 0.77578125 0.0390625 0.0609375
2 0.6328125 0.50625 0.05625 0.021875
2 0.10390625 0.86953125 0.0453125 0.0609375
2 0.2875 0.8875 0.04375 0.05
2 0.2328125 0.91640625 0.059375 0.0265625
2 0.2078125 0.96796875 0.025 0.0578125
2 0.240625 0.97109375 0.0375 0.0515625
2 0.3203125 0.96171875 0.025 0.0734375
2 0.44375 0.859375 0.06875 0.028125
2 0.43828125 0.91953125 0.0609375 0.0328125
2 0.46015625 0.96640625 0.0296875 0.0609375
2 0.60390625 0.8859375 0.0453125 0.0625
2 0.80234375 0.93359375 0.0671875 0.0296875
2 0.74296875 0.971875 0.0515625 0.05
3 0.93828125 0.75625 0.0359375 0.034375
4 0.0078125 0.790625 0.025 0.04375
4 0.00859375 0.984375 0.0328125 0.028125
4 0.9875 0.6359375 0.0375 0.040625
4 0.4078125 0.98359375 0.053125 0.0515625
4 0.48515625 0.99609375 0.0203125 0.0140625
4 0.6671875 0.99375 0.040625 0.021875