0 0.6078125 0.6609375 0.034375 0.034375
0 0.4390625 0.76640625 0.03125 0.0328125
0 0.8015625 0.74921875 0.0375 0.0328125
0 0.92890625 0.5578125 0.0359375 0.034375
0 0.59296875 0.98125 0.0421875 0.034375
0 0.90078125 0.87265625 0.0359375 0.0328125
0 0.49140625 0.67265625 0.0390625 0.0390625
0 0.2703125 0.36015625 0.021875 0.0328125
0 0.6671875 0.19375 0.034375 0.034375
0 0.87265625 0.1734375 0.0328125 0.034375
1 0.10546875 0.77421875 0.0359375 0.0328125
1 0.365625 0.67265625 0.04375 0.0328125
2 0.80546875 0.590625 0.0328125 0.05
2 0.2515625 0.70390625 0.05 0.0234375
2 0.98671875 0.665625 0.0390625 0.05
2 0.80546875 0.47265625 0.0359375 0.0234375
2 0.4734375 0.64453125 0.028125 0.0265625
2 0.34609375 0.44921875 0.0265625 0.0234375
2 0.2078125 0.396875 0.0375 0.021875
2 0.3234375 0.32578125 0.046875 0.0234375
2 0.08046875 0.0859375 0.0234375 0.028125
2 0.31484375 0.1234375 0.0328125 0.025
2 0.44296875 0.16015625 0.0296875 0.0265625
3 0.2265625 0.63515625 0.034375 0.0265625
3 0.29296875 0.05 0.0203125 0.021875
3 0.3109375 0.0234375 0.015625 0.01875
4 0.00546875 0.88828125 0.0140625 0.0390625
4 0.18359375 0.99296875 0.0328125 0.0234375
4 0.9578125 0.009375 0.05625 0.021875
4 0.7578125 0.01015625 0.04375 0.0234375