0 0.97265625 0.1140625 0.0296875 0.034375
0 0.62109375 0.04453125 0.0359375 0.0296875
0 0.55390625 0.38359375 0.0328125 0.0328125
0 0.4671875 0.56640625 0.028125 0.0359375
0 0.62109375 0.80390625 0.0453125 0.0359375
2 0.98515625 0.16328125 0.0234375 0.0359375
2 0.81640625 0.68125 0.0359375 0.025
2 0.50078125 0.5078125 0.0609375 0.03125
3 0.83359375 0.1140625 0.0296875 0.034375
3 0.71328125 0.3578125 0.0203125 0.021875
3 0.78671875 0.33828125 0.0265625 0.0265625
4 0.88828125 0.99140625 0.0296875 0.0171875