1 0.2109375 0.2328125 0.05 0.04375
1 0.8765625 0.32734375 0.034375 0.0359375
1 0.6046875 0.16015625 0.04375 0.0390625
1 0.5796875 0.2875 0.04375 0.0375
1 0.7078125 0.51796875 0.05 0.0453125
1 0.615625 0.66640625 0.046875 0.0421875
2 0.45546875 0.0171875 0.0671875 0.03125
2 0.7171875 0.0375 0.046875 0.05625
2 0.79140625 0.103125 0.0328125 0.075
2 0.81484375 0.4921875 0.0359375 0.078125
2 0.2109375 0.04921875 0.0375 0.0734375
3 0.38046875 0.71484375 0.0546875 0.0453125
3 0.78203125 0.31875 0.0328125 0.05
3 0.5265625 0.36640625 0.028125 0.0328125
4 0.05234375 0.0390625 0.1328125 0.103125
4 0.01484375 0.159375 0.0546875 0.078125
4 0.4046875 0.0140625 0.028125 0.034375
4 0.82578125 0.0078125 0.0484375 0.05
4 0.73046875 0.0078125 0.0296875 0.01875