0 0.0890625 0.42421875 0.040625 0.0359375
0 0.01640625 0.85703125 0.0296875 0.0265625
2 0.3046875 0.53984375 0.021875 0.0390625
2 0.40078125 0.70546875 0.0359375 0.0203125
2 0.37734375 0.78515625 0.0390625 0.0296875
2 0.34453125 0.73984375 0.0421875 0.0453125
2 0.1890625 0.63828125 0.040625 0.0421875
2 0.35625 0.596875 0.0375 0.03125
2 0.575 0.90390625 0.028125 0.0265625
3 0.0625 0.46953125 0.021875 0.0328125
3 0.04921875 0.40859375 0.0171875 0.0203125
3 0.10703125 0.459375 0.0171875 0.021875
3 0.64765625 0.8671875 0.0140625 0.0125
3 0.46015625 0.96796875 0.0171875 0.0171875
3 0.24140625 0.99296875 0.0203125 0.0109375
3 0.10546875 0.5625 0.0140625 0.015625
3 0.0578125 0.540625 0.009375 0.009375
3 0.03671875 0.571875 0.0171875 0.021875
4 0.26171875 0.19375 0.4265625 0.35
4 0.57421875 0.2984375 0.1484375 0.115625
4 0.809375 0.22578125 0.10625 0.1078125
4 0.7015625 0.31640625 0.1125 0.1609375
4 0.59609375 0.471875 0.2546875 0.190625