0 0.015625 0.06171875 0.034375 0.0234375
1 0.07734375 0.990625 0.0359375 0.01875
2 0.57265625 0.1046875 0.0359375 0.028125
2 0.7859375 0.37421875 0.0375 0.0265625
2 0.72265625 0.709375 0.0390625 0.0375
2 0.66015625 0.73515625 0.0359375 0.0296875
2 0.69375 0.83359375 0.034375 0.0265625
2 0.74453125 0.9125 0.0328125 0.0125
2 0.484375 0.8015625 0.025 0.034375
2 0.4859375 0.59140625 0.028125 0.0328125
2 0.4640625 0.4828125 0.04375 0.040625
2 0.246875 0.62578125 0.021875 0.0265625
2 0.2109375 0.6 0.034375 0.028125
2 0.05078125 0.84921875 0.0484375 0.0234375
2 0.1109375 0.87109375 0.0375 0.0203125
2 0.10859375 0.23671875 0.0265625 0.0390625
2 0.05703125 0.27421875 0.0265625 0.0453125
2 0.240625 0.2078125 0.034375 0.04375
2 0.83125 0.88828125 0.028125 0.0390625
3 0.5859375 0.9859375 0.028125 0.015625
3 0.609375 0.959375 0.015625 0.015625
3 0.571875 0.57109375 0.025 0.0140625
3 0.85859375 0.553125 0.0109375 0.015625
3 0.459375 0.1671875 0.015625 0.015625
3 0.64765625 0.06484375 0.0171875 0.0109375
3 0.03203125 0.35859375 0.0296875 0.0171875
3 0.30859375 0.58828125 0.0140625 0.0109375
4 0.81171875 0.98984375 0.0296875 0.0171875