0 0.046875 0.453125 0.0375 0.034375
0 0.078125 0.4953125 0.040625 0.034375
0 0.04375 0.615625 0.040625 0.0375
0 0.1703125 0.78828125 0.0375 0.0390625
0 0.0703125 0.971875 0.034375 0.0375
2 0.06171875 0.57421875 0.0390625 0.0390625
4 0.93203125 0.26328125 0.0328125 0.0578125
4 0.8765625 0.325 0.034375 0.0625
4 0.90078125 0.371875 0.0234375 0.028125
4 0.98125 0.5890625 0.021875 0.078125
4 0.96171875 0.415625 0.0578125 0.0875
4 0.98046875 0.80625 0.0203125 0.046875
4 0.9421875 0.61015625 0.01875 0.0296875
4 0.96875 0.65859375 0.0375 0.0390625