0 0.97109375 0.0984375 0.0234375 0.03125
0 0.5828125 0.2171875 0.028125 0.03125
0 0.375 0.23515625 0.03125 0.0203125
0 0.39375 0.26171875 0.03125 0.0234375
0 0.2765625 0.26171875 0.03125 0.0296875
0 0.04609375 0.30703125 0.0234375 0.0359375
0 0.328125 0.6765625 0.034375 0.01875
1 0.06953125 0.38515625 0.0265625 0.0328125
2 0.83671875 0.62890625 0.0421875 0.0234375
2 0.82265625 0.1625 0.0234375 0.021875
2 0.8859375 0.03046875 0.028125 0.0203125
2 0.46953125 0.85078125 0.0328125 0.0453125
2 0.46796875 0.76796875 0.0203125 0.0453125
2 0.325 0.52109375 0.028125 0.0390625
2 0.8796875 0.40234375 0.034375 0.0203125
2 0.51796875 0.08515625 0.0296875 0.0203125
2 0.28671875 0.48359375 0.0296875 0.0265625
2 0.22265625 0.10703125 0.0390625 0.0234375
3 0.78046875 0.390625 0.0203125 0.03125
3 0.4953125 0.06171875 0.021875 0.0234375
3 0.15078125 0.16953125 0.0171875 0.0203125
3 0.14375 0.11484375 0.015625 0.0109375
3 0.6203125 0.6171875 0.0125 0.009375
3 0.553125 0.51953125 0.015625 0.0171875
3 0.07890625 0.9890625 0.0140625 0.0125
4 0.959375 0.0078125 0.03125 0.015625
4 0.3484375 0.00703125 0.0375 0.0140625
4 0.55859375 0.0078125 0.0296875 0.015625