0 0.071875 0.17421875 0.025 0.0359375
0 0.10390625 0.87578125 0.0328125 0.0328125
0 0.12890625 0.559375 0.0328125 0.034375
0 0.1890625 0.66484375 0.0375 0.0390625
4 0.0140625 0.7578125 0.021875 0.0375
4 0.0125 0.58984375 0.025 0.0484375
4 0.015625 0.478125 0.025 0.034375
4 0.1734375 0.009375 0.034375 0.015625
4 0.6453125 0.4796875 0.01875 0.0125
4 0.89453125 0.92109375 0.0265625 0.0421875
4 0.94296875 0.85859375 0.0359375 0.0484375
4 0.98671875 0.421875 0.0234375 0.05
4 0.9875 0.2359375 0.025 0.0375
4 0.984375 0.5765625 0.025 0.040625
4 0.9296875 0.57265625 0.028125 0.0328125
4 0.9734375 0.703125 0.021875 0.025
4 0.959375 0.64140625 0.01875 0.0203125