0 0.81328125 0.1984375 0.0296875 0.034375
1 0.075 0.19765625 0.03125 0.0390625
2 0.6953125 0.0328125 0.034375 0.021875
2 0.83203125 0.08984375 0.0296875 0.0421875
2 0.80234375 0.4953125 0.0296875 0.03125
2 0.80859375 0.5484375 0.0421875 0.021875
2 0.5015625 0.53671875 0.0375 0.0328125
2 0.32109375 0.4703125 0.0359375 0.025
2 0.39609375 0.6109375 0.0421875 0.028125
2 0.26484375 0.55078125 0.0296875 0.0359375
2 0.18828125 0.759375 0.0421875 0.0375
2 0.2453125 0.809375 0.01875 0.040625
2 0.1765625 0.2671875 0.025 0.034375
2 0.05 0.04609375 0.046875 0.0234375
2 0.10625 0.07109375 0.040625 0.0140625
2 0.74453125 0.11328125 0.0328125 0.0109375
2 0.61171875 0.48984375 0.0421875 0.0296875
2 0.12734375 0.5625 0.0359375 0.034375
2 0.54609375 0.87734375 0.0265625 0.0359375
3 0.584375 0.18828125 0.021875 0.0234375
3 0.60859375 0.15703125 0.0140625 0.0109375
3 0.015625 0.88046875 0.03125 0.0265625
3 0.7578125 0.084375 0.0125 0.009375
3 0.7265625 0.10546875 0.0125 0.0109375
3 0.52578125 0.38203125 0.0109375 0.0140625
4 0.0078125 0.31875 0.015625 0.025
4 0.0046875 0.4890625 0.009375 0.01875
4 0.4859375 0.00859375 0.0125 0.0203125