0 0.66015625 0.30234375 0.0296875 0.0234375
0 0.721875 0.715625 0.025 0.040625
0 0.80703125 0.94296875 0.0328125 0.0328125
0 0.553125 0.87421875 0.040625 0.0328125
0 0.4640625 0.64296875 0.034375 0.0390625
0 0.2875 0.7421875 0.034375 0.0375
0 0.3296875 0.79296875 0.0375 0.0328125
0 0.0984375 0.20078125 0.034375 0.0328125
1 0.8640625 0.871875 0.0375 0.03125
2 0.70078125 0.3515625 0.0515625 0.034375
2 0.796875 0.64296875 0.046875 0.0265625
2 0.79765625 0.684375 0.0484375 0.028125
2 0.35859375 0.9078125 0.0234375 0.053125
3 0.078125 0.34921875 0.021875 0.0203125
3 0.06015625 0.74921875 0.0203125 0.0171875
3 0.45 0.725 0.025 0.01875
3 0.69921875 0.490625 0.0234375 0.01875
3 0.68515625 0.04453125 0.0234375 0.0296875
3 0.12890625 0.48125 0.0140625 0.015625
3 0.54453125 0.32421875 0.0171875 0.0234375