0 0.96875 0.6671875 0.03125 0.034375
0 0.8375 0.59375 0.034375 0.034375
0 0.771875 0.7359375 0.034375 0.025
0 0.9 0.978125 0.028125 0.0375
0 0.80625 0.221875 0.0375 0.034375
0 0.4609375 0.18984375 0.0375 0.0421875
0 0.165625 0.2375 0.040625 0.03125
0 0.3625 0.7109375 0.03125 0.034375
0 0.253125 0.840625 0.034375 0.028125
0 0.5765625 0.6890625 0.028125 0.0375
0 0.625 0.7109375 0.0375 0.0375
0 0.0734375 0.97734375 0.0375 0.0328125
1 0.309375 0.79375 0.025 0.021875
2 0.8 0.553125 0.034375 0.046875
2 0.7859375 0.865625 0.025 0.05625
2 0.25625 0.10625 0.025 0.05
2 0.36796875 0.3453125 0.0484375 0.04375
2 0.6734375 0.58671875 0.04375 0.0328125
2 0.2984375 0.17421875 0.03125 0.0421875
2 0.14375 0.91484375 0.0375 0.0484375
3 0.8625 0.09296875 0.028125 0.0328125
3 0.2375 0.48671875 0.034375 0.0484375
3 0.01796875 0.65625 0.0171875 0.034375
3 0.70859375 0.92421875 0.0171875 0.0484375
3 0.33671875 0.74609375 0.0234375 0.0421875
4 0.984375 0.09453125 0.021875 0.0359375
4 0.63828125 0.984375 0.0328125 0.025
4 0.5203125 0.9921875 0.01875 0.0125