0 0.91171875 0.15234375 0.0328125 0.0234375
0 0.44609375 0.353125 0.0203125 0.034375
0 0.38984375 0.6546875 0.0234375 0.028125
0 0.4234375 0.65625 0.028125 0.03125
0 0.3359375 0.56875 0.034375 0.025
1 0.846875 0.71875 0.034375 0.03125
1 0.06484375 0.85625 0.0328125 0.0375
1 0.34921875 0.6828125 0.0328125 0.028125
1 0.22109375 0.453125 0.0390625 0.034375
1 0.19609375 0.284375 0.0265625 0.034375
1 0.0390625 0.94375 0.03125 0.0375
2 0.734375 0.10859375 0.0375 0.0203125
2 0.64453125 0.1453125 0.0421875 0.021875
2 0.678125 0.153125 0.0375 0.021875
2 0.56640625 0.1625 0.0328125 0.034375
2 0.24375 0.275 0.025 0.046875
2 0.3 0.440625 0.025 0.0375
2 0.971875 0.26796875 0.04375 0.0203125
2 0.83984375 0.446875 0.0484375 0.021875
2 0.909375 0.615625 0.028125 0.034375
2 0.9421875 0.28359375 0.028125 0.0203125
2 0.28046875 0.7890625 0.0421875 0.028125
2 0.35625 0.24375 0.03125 0.028125
2 0.43125 0.703125 0.034375 0.03125
2 0.5640625 0.784375 0.028125 0.025
2 0.75234375 0.18671875 0.0421875 0.0171875
2 0.33125 0.41484375 0.03125 0.0171875
3 0.6734375 0.08359375 0.028125 0.0171875
3 0.13125 0.028125 0.025 0.028125
3 0.259375 0.4109375 0.025 0.025
3 0.2125 0.36875 0.025 0.025
3 0.146875 0.190625 0.025 0.025
3 0.728125 0.5171875 0.025 0.034375
3 0.26171875 0.609375 0.0203125 0.028125
3 0.1875 0.640625 0.028125 0.021875
3 0.9140625 0.471875 0.028125 0.025
3 0.7953125 0.93515625 0.025 0.0171875
3 0.8703125 0.8875 0.01875 0.01875
3 0.753125 0.175 0.01875 0.01875
3 0.346875 0.0375 0.028125 0.028125
3 0.32109375 0.109375 0.0234375 0.034375