0 0.365625 0.49375 0.034375 0.04375
0 0.428125 0.55625 0.034375 0.0375
0 0.82734375 0.503125 0.0546875 0.034375
1 0.0703125 0.93359375 0.0375 0.0328125
2 0.24375 0.0921875 0.0625 0.040625
2 0.665625 0.07109375 0.046875 0.0328125
2 0.5015625 0.61875 0.0375 0.0375
2 0.05625 0.22109375 0.071875 0.0578125
2 0.5375 0.94296875 0.046875 0.0578125
2 0.5375 0.85234375 0.01875 0.0484375
2 0.46484375 0.80859375 0.0421875 0.0484375
2 0.56796875 0.36484375 0.0234375 0.0484375
2 0.5890625 0.52109375 0.025 0.0578125
2 0.95625 0.909375 0.05 0.0375
2 0.446875 0.1171875 0.0375 0.04375
2 0.5515625 0.171875 0.025 0.053125
2 0.65625 0.3875 0.021875 0.05
3 0.609375 0.621875 0.04375 0.034375
3 0.746875 0.1046875 0.034375 0.03125
4 0.1265625 0.98125 0.028125 0.0375
4 0.16171875 0.01953125 0.0390625 0.0359375