0 0.7546875 0.3484375 0.028125 0.034375
0 0.946875 0.540625 0.04375 0.05
0 0.46875 0.590625 0.028125 0.040625
2 0.1625 0.415625 0.025 0.05
2 0.28125 0.39296875 0.021875 0.0578125
2 0.3734375 0.4 0.03125 0.053125
2 0.30625 0.57734375 0.034375 0.0578125
2 0.7078125 0.60546875 0.071875 0.0328125
2 0.88125 0.6375 0.053125 0.028125
2 0.9296875 0.43359375 0.05625 0.0484375
2 0.68984375 0.3640625 0.0421875 0.05
2 0.6875 0.18125 0.03125 0.05625
2 0.621875 0.171875 0.040625 0.05625
2 0.5046875 0.3546875 0.034375 0.065625
2 0.5921875 0.3765625 0.05 0.0375
2 0.35625 0.23125 0.046875 0.040625
2 0.725 0.88671875 0.034375 0.0484375