0 0.5796875 0.846875 0.034375 0.040625
0 0.5328125 0.4 0.0375 0.028125
0 0.8703125 0.396875 0.034375 0.025
0 0.43125 0.59921875 0.040625 0.0421875
0 0.459375 0.790625 0.034375 0.028125
0 0.4375 0.8640625 0.0375 0.025
0 0.4078125 0.9484375 0.034375 0.03125
0 0.115625 0.2203125 0.0375 0.028125
1 0.16796875 0.7875 0.0234375 0.028125
1 0.19375 0.734375 0.021875 0.025
1 0.31171875 0.9359375 0.0390625 0.034375
1 0.42109375 0.3078125 0.0296875 0.034375
2 0.8796875 0.62890625 0.034375 0.0421875
2 0.59609375 0.015625 0.0484375 0.03125
3 0.7046875 0.9484375 0.034375 0.028125
3 0.4609375 0.55 0.03125 0.040625
3 0.6109375 0.46484375 0.025 0.0328125
3 0.98125 0.24375 0.034375 0.028125
3 0.503125 0.71796875 0.040625 0.0234375
3 0.5234375 0.1359375 0.028125 0.04375
3 0.50390625 0.0328125 0.0328125 0.028125
4 0.31953125 0.01328125 0.0203125 0.0265625
4 0.2234375 0.0140625 0.015625 0.021875
4 0.15703125 0.0078125 0.0296875 0.015625