0 0.965625 0.30234375 0.0375 0.0421875
0 0.709375 0.5125 0.01875 0.03125
0 0.796875 0.4625 0.0375 0.021875
0 0.515625 0.696875 0.0375 0.0375
0 0.7578125 0.8 0.03125 0.025
0 0.5796875 0.984375 0.034375 0.025
1 0.4859375 0.27734375 0.025 0.0390625
2 0.2875 0.115625 0.01875 0.05625
2 0.5640625 0.3 0.046875 0.0375
2 0.58984375 0.559375 0.0421875 0.0375
2 0.428125 0.65859375 0.05 0.0203125
2 0.234375 0.8234375 0.04375 0.04375
2 0.821875 0.98671875 0.04375 0.0203125
3 0.93125 0.11015625 0.0375 0.0234375
3 0.8875 0.92578125 0.025 0.0171875
3 0.96875 0.61328125 0.03125 0.0171875
3 0.2484375 0.6125 0.028125 0.03125
3 0.6828125 0.01328125 0.03125 0.0203125
3 0.38125 0.684375 0.025 0.040625
3 0.915625 0.54375 0.034375 0.028125
3 0.5796875 0.925 0.03125 0.028125