0 0.621875 0.02109375 0.034375 0.0234375
0 0.0125 0.11875 0.025 0.0375
0 0.084375 0.1359375 0.034375 0.028125
0 0.04375 0.1890625 0.025 0.0375
0 0.2609375 0.14296875 0.034375 0.0328125
0 0.19921875 0.2703125 0.0234375 0.034375
0 0.15 0.334375 0.034375 0.028125
0 0.259375 0.6 0.034375 0.03125
0 0.009375 0.72421875 0.01875 0.0328125
0 0.11875 0.75625 0.034375 0.034375
0 0.1390625 0.8 0.0375 0.0375
0 0.840625 0.421875 0.021875 0.03125
0 0.84609375 0.4671875 0.0234375 0.03125
0 0.1546875 0.875 0.034375 0.034375
0 0.203125 0.8765625 0.028125 0.0375
0 0.1 0.896875 0.034375 0.03125
0 0.1734375 0.9375 0.025 0.03125
1 0.96171875 0.46484375 0.0234375 0.0328125
2 0.934375 0.065625 0.034375 0.025
2 0.3109375 0.1984375 0.04375 0.028125
2 0.82734375 0.5015625 0.0328125 0.034375
2 0.3 0.825 0.034375 0.0375
2 0.2421875 0.96484375 0.03125 0.0328125
2 0.64296875 0.7875 0.0203125 0.04375
2 0.68984375 0.8921875 0.0328125 0.040625
2 0.278125 0.26484375 0.0375 0.0203125
2 0.93671875 0.1515625 0.0234375 0.034375
3 0.640625 0.1046875 0.03125 0.028125
3 0.56875 0.1921875 0.028125 0.028125
3 0.46796875 0.1828125 0.0203125 0.028125
3 0.50859375 0.1515625 0.0203125 0.0375
3 0.815625 0.2109375 0.025 0.0375
3 0.8546875 0.234375 0.025 0.028125
3 0.896875 0.203125 0.025 0.021875
3 0.53046875 0.8359375 0.0171875 0.028125
3 0.74609375 0.93359375 0.0234375 0.0328125
3 0.9890625 0.8875 0.015625 0.034375
3 0.95078125 0.971875 0.0140625 0.03125
3 0.6109375 0.57421875 0.21875 0.2015625
3 0.171875 0.6265625 0.109375 0.09375
3 0.0328125 0.5671875 0.065625 0.075
3 0.99375 0.378125 0.009375 0.028125
4 0.62265625 0.9875 0.0171875 0.01875