0 0.1515625 0.090625 0.0375 0.021875
0 0.17421875 0.2078125 0.0421875 0.040625
0 0.396875 0.2484375 0.025 0.0375
0 0.0125 0.315625 0.025 0.028125
0 0.03046875 0.4875 0.0421875 0.0375
0 0.078125 0.809375 0.034375 0.028125
0 0.1796875 0.784375 0.04375 0.0375
0 0.11796875 0.884375 0.0421875 0.040625
0 0.75859375 0.4234375 0.0421875 0.03125
1 0.1296875 0.61640625 0.034375 0.0390625
2 0.121875 0.2671875 0.028125 0.0375
2 0.40625 0.3 0.059375 0.025
2 0.678125 0.51875 0.0375 0.034375
2 0.5796875 0.7515625 0.0375 0.034375
2 0.475 0.7515625 0.053125 0.025
2 0.909375 0.175 0.046875 0.034375
3 0.25546875 0.0578125 0.0890625 0.028125