0 0.040625 0.2 0.0375 0.040625
0 0.6046875 0.3 0.04375 0.028125
0 0.4078125 0.640625 0.0375 0.0375
0 0.2765625 0.79375 0.0375 0.040625
0 0.49375 0.8703125 0.0375 0.03125
0 0.7515625 0.9375 0.03125 0.0375
0 0.665625 0.7125 0.034375 0.040625
0 0.2296875 0.746875 0.034375 0.046875
1 0.80625 0.8671875 0.040625 0.0375
2 0.64375 0.353125 0.053125 0.040625
2 0.303125 0.9046875 0.025 0.053125
2 0.740625 0.6390625 0.05 0.025
2 0.73984375 0.68125 0.0484375 0.028125
2 0.946875 0.71875 0.03125 0.059375
3 0.628125 0.0375 0.034375 0.034375