0 0.1171875 0.46875 0.040625 0.0375
0 0.05 0.709375 0.028125 0.034375
0 0.034375 0.8140625 0.040625 0.034375
0 0.0125 0.88125 0.025 0.0375
0 0.1546875 0.8140625 0.034375 0.028125
0 0.18671875 0.13125 0.0328125 0.034375
0 0.3640625 0.43125 0.0375 0.028125
1 0.10390625 0.975 0.0359375 0.0375
1 0.05078125 0.43046875 0.0359375 0.0359375
1 0.153125 0.303125 0.03125 0.04375
2 0.309375 0.53984375 0.04375 0.0421875
2 0.32109375 0.653125 0.0484375 0.0375
2 0.3671875 0.665625 0.034375 0.0375
2 0.2734375 0.9546875 0.028125 0.028125
2 0.5484375 0.6078125 0.028125 0.034375
3 0.2703125 0.3671875 0.034375 0.025
3 0.778125 0.3328125 0.025 0.0375
3 0.7515625 0.36484375 0.028125 0.0328125
3 0.4515625 0.875 0.025 0.025
3 0.559375 0.846875 0.028125 0.015625
3 0.8765625 0.74296875 0.0375 0.0234375
3 0.015625 0.67421875 0.03125 0.0328125
3 0.271875 0.1203125 0.028125 0.028125
3 0.71875 0.3359375 0.028125 0.028125
4 0.9859375 0.09921875 0.025 0.0390625
4 0.009375 0.07890625 0.01875 0.0546875