0 0.42421875 0.1640625 0.0234375 0.034375
0 0.5125 0.1125 0.025 0.0375
1 0.4125 0.575 0.01875 0.01875
1 0.65625 0.9765625 0.025 0.025
2 0.69609375 0.0765625 0.0484375 0.03125
2 0.425 0.70625 0.04375 0.040625
2 0.2265625 0.9484375 0.021875 0.04375
2 0.74375 0.390625 0.025 0.0375
3 0.50625 0.43359375 0.0375 0.0171875
3 0.7578125 0.2171875 0.0375 0.01875
3 0.66484375 0.490625 0.0234375 0.034375
3 0.3953125 0.325 0.021875 0.01875
3 0.390625 0.35 0.015625 0.028125
3 0.18125 0.9703125 0.01875 0.028125
3 0.85625 0.903125 0.025 0.025
3 0.36875 0.3546875 0.01875 0.025
3 0.87890625 0.5875 0.0234375 0.04375
3 0.6078125 0.65859375 0.034375 0.0328125
3 0.58125 0.9546875 0.021875 0.028125
4 0.240625 0.9890625 0.021875 0.0125