0 0.75625 0.1421875 0.03125 0.040625
0 0.8078125 0.215625 0.040625 0.0375
0 0.62109375 0.1703125 0.0203125 0.0375
0 0.153125 0.3359375 0.0375 0.03125
0 0.053125 0.328125 0.034375 0.0375
0 0.15625 0.5328125 0.0375 0.040625
0 0.478125 0.6375 0.0375 0.034375
0 0.2421875 0.715625 0.0375 0.034375
0 0.73125 0.746875 0.0375 0.0375
0 0.79375 0.821875 0.034375 0.040625
0 0.759375 0.9625 0.034375 0.034375
2 0.496875 0.1609375 0.040625 0.04375
2 0.253125 0.2703125 0.028125 0.046875
2 0.18046875 0.4515625 0.0421875 0.040625
2 0.453125 0.225 0.0375 0.04375
2 0.340625 0.328125 0.03125 0.05
2 0.403125 0.275 0.025 0.046875
3 0.3578125 0.5859375 0.034375 0.03125
3 0.86171875 0.2484375 0.0234375 0.0375
4 0.01640625 0.346875 0.0328125 0.025