0 0.3421875 0.89375 0.0375 0.03125
0 0.19375 0.9484375 0.028125 0.046875
0 0.153125 0.6421875 0.034375 0.028125
0 0.090625 0.3140625 0.0375 0.03125
2 0.2390625 0.728125 0.059375 0.03125
2 0.74921875 0.8609375 0.0484375 0.03125
2 0.55859375 0.903125 0.0546875 0.046875
3 0.25859375 0.43671875 0.0328125 0.0421875
3 0.34296875 0.58671875 0.0140625 0.0421875
3 0.63125 0.77421875 0.028125 0.0421875
3 0.1484375 0.8234375 0.034375 0.03125
4 0.00859375 0.84296875 0.0140625 0.0328125
4 0.1421875 0.9890625 0.025 0.01875
4 0.2296875 0.9890625 0.01875 0.01875