0 0.9234375 0.109375 0.025 0.0375
0 0.734375 0.259375 0.034375 0.03125
0 0.815625 0.3671875 0.0375 0.0375
2 0.034375 0.215625 0.01875 0.046875
2 0.4546875 0.1609375 0.053125 0.025
2 0.8765625 0.3109375 0.04375 0.025
2 0.9671875 0.521875 0.034375 0.05
2 0.053125 0.02421875 0.0375 0.0234375
2 0.9875 0.14140625 0.01875 0.0578125
3 0.8875 0.69140625 0.0375 0.0203125
3 0.5125 0.784375 0.040625 0.028125
3 0.684375 0.6390625 0.0375 0.0375
3 0.8015625 0.515625 0.034375 0.0375
3 0.796875 0.8921875 0.040625 0.028125
3 0.6140625 0.69375 0.0375 0.01875
3 0.6578125 0.24921875 0.0375 0.0203125
3 0.446875 0.465625 0.0375 0.021875
4 0.015625 0.86953125 0.03125 0.0296875