0 0.38125 0.128125 0.0375 0.034375
0 0.45 0.1703125 0.028125 0.0375
0 0.253125 0.5921875 0.04375 0.0375
0 0.1125 0.8359375 0.028125 0.034375
0 0.340625 0.925 0.0375 0.040625
2 0.54375 0.03828125 0.05 0.0328125
2 0.6328125 0.05 0.04375 0.01875
2 0.6 0.10625 0.028125 0.034375
2 0.59296875 0.20859375 0.0328125 0.0328125
2 0.575 0.275 0.01875 0.05
2 0.8046875 0.284375 0.028125 0.034375
2 0.9796875 0.3203125 0.028125 0.05
2 0.778125 0.60625 0.025 0.05
2 0.2859375 0.77734375 0.028125 0.0421875
2 0.8421875 0.85234375 0.04375 0.0203125
2 0.834375 0.896875 0.034375 0.04375
3 0.3421875 0.140625 0.025 0.0375
3 0.79375 0.2078125 0.034375 0.028125
3 0.421875 0.69921875 0.0375 0.0328125
3 0.48046875 0.7 0.0328125 0.0375
3 0.5734375 0.82421875 0.028125 0.0328125
3 0.51484375 0.8765625 0.0328125 0.021875
3 0.86484375 0.75625 0.0328125 0.034375
3 0.8078125 0.809375 0.025 0.025
3 0.7890625 0.1359375 0.028125 0.028125