0 0.7984375 0.01875 0.0375 0.0375
0 0.62890625 0.08671875 0.0328125 0.0421875
0 0.85546875 0.2328125 0.0328125 0.034375
0 0.91875 0.240625 0.03125 0.034375
0 0.9859375 0.359375 0.025 0.025
0 0.9375 0.4078125 0.025 0.034375
0 0.79375 0.3109375 0.034375 0.0375
0 0.93515625 0.5015625 0.0328125 0.028125
0 0.6171875 0.57734375 0.034375 0.0328125
0 0.65546875 0.6828125 0.0421875 0.0375
0 0.728125 0.70625 0.034375 0.034375
0 0.91875 0.684375 0.028125 0.0375
0 0.80546875 0.65859375 0.0328125 0.0328125
0 0.140625 0.67109375 0.03125 0.0421875
0 0.2953125 0.6625 0.0375 0.03125
0 0.20625 0.85625 0.0375 0.0375
0 0.428125 0.92578125 0.04375 0.0328125
0 0.3953125 0.96640625 0.0375 0.0421875
1 0.875 0.1234375 0.028125 0.03125
2 0.146875 0.06875 0.034375 0.059375
2 0.5328125 0.35 0.034375 0.053125
3 0.334375 0.325 0.03125 0.040625
3 0.84609375 0.0875 0.0203125 0.034375
3 0.93359375 0.153125 0.0234375 0.0375
4 0.5078125 0.01171875 0.04375 0.0171875
4 0.63515625 0.0078125 0.0296875 0.0125
4 0.9890625 0.1453125 0.01875 0.046875
4 0.01328125 0.34140625 0.0203125 0.0234375
4 0.00625 0.5015625 0.0125 0.0375