0 0.2171875 0.5734375 0.028125 0.0375
0 0.53125 0.6 0.034375 0.028125
0 0.128125 0.8515625 0.03125 0.0375
0 0.50625 0.55625 0.04375 0.025
1 0.1109375 0.96484375 0.03125 0.0296875
2 0.146875 0.6265625 0.04375 0.034375
2 0.3484375 0.4390625 0.034375 0.025
2 0.384375 0.459375 0.04375 0.021875
2 0.6 0.578125 0.04375 0.021875
2 0.490625 0.87421875 0.025 0.0421875
2 0.271875 0.94375 0.034375 0.021875
2 0.65859375 0.94921875 0.0203125 0.0484375
2 0.98125 0.69921875 0.03125 0.0234375
3 0.7921875 0.8859375 0.028125 0.025
3 0.91875 0.771875 0.03125 0.03125
3 0.484375 0.753125 0.034375 0.028125
3 0.715625 0.73828125 0.03125 0.0234375