0 0.1765625 0.6375 0.025 0.028125
0 0.2703125 0.6890625 0.03125 0.034375
0 0.28125 0.80546875 0.028125 0.0328125
0 0.75 0.8671875 0.0375 0.034375
1 0.16875 0.30625 0.03125 0.0375
1 0.584375 0.46875 0.034375 0.028125
1 0.27109375 0.5640625 0.0328125 0.0375
1 0.5375 0.06015625 0.03125 0.0359375
2 0.23671875 0.453125 0.0234375 0.04375
2 0.61484375 0.51953125 0.0234375 0.0546875
2 0.33046875 0.034375 0.0484375 0.021875
2 0.546875 0.4078125 0.021875 0.03125
2 0.57734375 0.1609375 0.0234375 0.025
2 0.54375 0.146875 0.040625 0.025
2 0.85625 0.28046875 0.040625 0.0328125
3 0.9609375 0.29375 0.025 0.025
3 0.2984375 0.67109375 0.025 0.0328125
3 0.78125 0.640625 0.025 0.021875
3 0.4921875 0.54375 0.025 0.028125
3 0.053125 0.203125 0.034375 0.01875
3 0.3046875 0.42734375 0.025 0.0328125
3 0.82109375 0.51484375 0.0234375 0.0328125
3 0.7140625 0.1125 0.021875 0.034375
3 0.7046875 0.040625 0.0375 0.028125
3 0.603125 0.0765625 0.021875 0.028125
3 0.8921875 0.49375 0.01875 0.021875
3 0.6234375 0.121875 0.034375 0.03125
4 0.203125 0.99140625 0.028125 0.0140625
4 0.33984375 0.99375 0.0296875 0.0125
4 0.47109375 0.9921875 0.0265625 0.0125