0 0.878125 0.0578125 0.0375 0.034375
0 0.878125 0.1109375 0.0375 0.028125
0 0.625 0.0140625 0.034375 0.028125
0 0.940625 0.396875 0.04375 0.0375
0 0.4 0.64375 0.028125 0.040625
0 0.3875 0.7625 0.034375 0.034375
0 0.534375 0.3734375 0.0375 0.025
0 0.7453125 0.34609375 0.034375 0.0328125
0 0.65625 0.465625 0.034375 0.03125
0 0.76875 0.5015625 0.034375 0.040625
0 0.85234375 0.240625 0.0328125 0.028125
2 0.28046875 0.0328125 0.0171875 0.05
2 0.6125 0.1921875 0.01875 0.05
2 0.38671875 0.30625 0.0421875 0.040625
2 0.6046875 0.321875 0.05 0.046875
3 0.2421875 0.4234375 0.021875 0.021875
3 0.728125 0.86875 0.034375 0.028125
3 0.325 0.8984375 0.021875 0.021875
3 0.82109375 0.09296875 0.0203125 0.0328125