0 0.32605820105820105 0.3914930555555556 0.009259259259259259 0.005208333333333333
0 0.3097442680776014 0.4224950396825397 0.006613756613756613 0.004712301587301587
0 0.5227072310405644 0.39533730158730157 0.00837742504409171 0.005456349206349206
0 0.671957671957672 0.337921626984127 0.010582010582010581 0.005704365079365079
0 0.691358024691358 0.3444940476190476 0.007936507936507936 0.005952380952380952
0 0.6358024691358025 0.4115823412698413 0.012345679012345678 0.006200396825396825
0 0.529320987654321 0.4357638888888889 0.011904761904761904 0.00496031746031746
0 0.5328483245149912 0.4427083333333333 0.00837742504409171 0.006944444444444444
0 0.5454144620811288 0.46490575396825395 0.007936507936507936 0.006200396825396825
0 0.5963403880070547 0.45014880952380953 0.00837742504409171 0.005456349206349206
0 0.6609347442680776 0.4645337301587302 0.010582010582010581 0.006448412698412698
0 0.8882275132275133 0.4565972222222222 0.010141093474426807 0.005456349206349206
0 0.9378306878306878 0.4650297619047619 0.010582010582010581 0.003968253968253968
0 0.8972663139329806 0.5708085317460317 0.007054673721340388 0.005704365079365079
0 0.7400793650793651 0.47978670634920634 0.010141093474426807 0.003720238095238095
0 0.2923280423280423 0.49789186507936506 0.009700176366843033 0.005208333333333333
0 0.2967372134038801 0.513640873015873 0.010582010582010581 0.006448412698412698
0 0.3291446208112875 0.49888392857142855 0.011904761904761904 0.006200396825396825
0 0.35559964726631393 0.5114087301587301 0.007495590828924162 0.005952380952380952
0 0.39263668430335097 0.5130208333333334 0.010141093474426807 0.005208333333333333
0 0.25242504409171074 0.5140128968253969 0.011022927689594356 0.005704365079365079
0 0.26499118165784835 0.5231894841269841 0.01146384479717813 0.006696428571428571
0 0.5238095238095238 0.4722222222222222 0.006172839506172839 0.00496031746031746
0 0.5326278659611993 0.4751984126984127 0.009700176366843033 0.005456349206349206
0 0.5670194003527337 0.49503968253968256 0.008818342151675485 0.005952380952380952
0 0.5881834215167548 0.49813988095238093 0.009700176366843033 0.004712301587301587
0 0.5769400352733686 0.5063244047619048 0.007495590828924162 0.006200396825396825
0 0.6382275132275133 0.49888392857142855 0.010141093474426807 0.005208333333333333
0 0.6205908289241623 0.5190972222222222 0.006613756613756613 0.005456349206349206
0 0.6071428571428571 0.529265873015873 0.009700176366843033 0.004464285714285714
0 0.5229276895943563 0.5034722222222222 0.007054673721340388 0.005456349206349206
0 0.49382716049382713 0.5121527777777778 0.008818342151675485 0.005952380952380952
0 0.4455467372134039 0.505828373015873 0.011022927689594356 0.005208333333333333
0 0.46494708994708994 0.5434027777777778 0.00837742504409171 0.00496031746031746
0 0.6377865961199295 0.5716765873015873 0.010141093474426807 0.00496031746031746
0 0.5650352733686067 0.5913938492063492 0.009259259259259259 0.005208333333333333
0 0.5981040564373897 0.5964781746031746 0.010141093474426807 0.005456349206349206
0 0.6036155202821869 0.6034226190476191 0.010582010582010581 0.005952380952380952
0 0.8020282186948854 0.5431547619047619 0.006172839506172839 0.00496031746031746
0 0.8031305114638448 0.5503472222222222 0.006613756613756613 0.00496031746031746
0 0.6080246913580247 0.6150793650793651 0.009700176366843033 0.005456349206349206
0 0.6216931216931217 0.6153273809523809 0.007936507936507936 0.005952380952380952
0 0.5925925925925926 0.6185515873015873 0.009700176366843033 0.00496031746031746
0 0.6135361552028219 0.625 0.007495590828924162 0.00496031746031746
0 0.5559964726631393 0.6785714285714286 0.009700176366843033 0.00496031746031746
0 0.5480599647266314 0.6907242063492064 0.006172839506172839 0.00496031746031746
0 0.4618606701940035 0.6418650793650794 0.009259259259259259 0.003968253968253968
0 0.4748677248677249 0.6785714285714286 0.009700176366843033 0.00496031746031746
0 0.48214285714285715 0.6944444444444444 0.00837742504409171 0.00496031746031746
0 0.4748677248677249 0.6975446428571429 0.007054673721340388 0.004712301587301587
0 0.48743386243386244 0.7270585317460317 0.00837742504409171 0.004216269841269841
0 0.4122574955908289 0.6808035714285714 0.007936507936507936 0.003968253968253968
0 0.24779541446208111 0.5417906746031746 0.009700176366843033 0.005704365079365079
0 0.30048500881834217 0.6013144841269841 0.00837742504409171 0.005208333333333333
0 0.2925485008818342 0.6215277777777778 0.009259259259259259 0.005456349206349206
0 0.3218694885361552 0.6116071428571429 0.010582010582010581 0.005456349206349206
0 0.3357583774250441 0.6116071428571429 0.00837742504409171 0.00496031746031746
0 0.3661816578483245 0.5884176587301587 0.007495590828924162 0.004216269841269841
0 0.3994708994708995 0.5933779761904762 0.009700176366843033 0.004712301587301587
0 0.4107142857142857 0.5952380952380952 0.009259259259259259 0.004464285714285714
0 0.40145502645502645 0.6083829365079365 0.00837742504409171 0.00496031746031746
0 0.5202821869488536 0.7889384920634921 0.010582010582010581 0.00496031746031746
0 0.5465167548500882 0.7875744047619048 0.010141093474426807 0.005208333333333333
1 0.7563932980599647 0.3431299603174603 0.006613756613756613 0.003720238095238095
1 0.8357583774250441 0.5499751984126984 0.006613756613756613 0.005208333333333333
1 0.4398148148148148 0.6460813492063492 0.00837742504409171 0.004464285714285714
1 0.5163139329805997 0.6581101190476191 0.005291005291005291 0.002728174603174603
1 0.2689594356261023 0.6478174603174603 0.007936507936507936 0.003968253968253968
1 0.22310405643738976 0.5700644841269841 0.007054673721340388 0.003720238095238095
1 0.8267195767195767 0.5814732142857143 0.007054673721340388 0.003720238095238095
1 0.8298059964726632 0.5863095238095238 0.006172839506172839 0.003968253968253968
1 0.8384038800705468 0.5788690476190477 0.0048500881834215165 0.002976190476190476
1 0.857583774250441 0.5716765873015873 0.004409171075837742 0.002976190476190476
1 0.7041446208112875 0.48226686507936506 0.007054673721340388 0.003224206349206349
1 0.22376543209876543 0.7109375 0.006613756613756613 0.003720238095238095
1 0.32451499118165783 0.5128968253968254 0.007054673721340388 0.003472222222222222
1 0.27292768959435626 0.5303819444444444 0.006172839506172839 0.003224206349206349
1 0.4237213403880071 0.45014880952380953 0.004409171075837742 0.002976190476190476
1 0.2087742504409171 0.6001984126984127 0.0048500881834215165 0.002976190476190476
1 0.19157848324514992 0.6020585317460317 0.005731922398589065 0.002728174603174603
1 0.31415343915343913 0.5992063492063492 0.005731922398589065 0.002976190476190476
1 0.3741181657848324 0.7340029761904762 0.003968253968253968 0.002232142857142857
1 0.5943562610229277 0.71875 0.004409171075837742 0.00248015873015873
1 0.6362433862433863 0.6242559523809523 0.004409171075837742 0.00248015873015873
1 0.6466049382716049 0.6547619047619048 0.0048500881834215165 0.00248015873015873
1 0.7213403880070547 0.4729662698412698 0.005291005291005291 0.002976190476190476
1 0.5416666666666666 0.5752728174603174 0.003968253968253968 0.002232142857142857
1 0.6247795414462081 0.3029513888888889 0.006172839506172839 0.002728174603174603
1 0.6329365079365079 0.32316468253968256 0.005731922398589065 0.003472222222222222
1 0.8082010582010583 0.3943452380952381 0.007054673721340388 0.002976190476190476
1 0.7731481481481481 0.4955357142857143 0.0048500881834215165 0.00248015873015873
1 0.8683862433862434 0.6245039682539683 0.0048500881834215165 0.00248015873015873
1 0.8831569664902998 0.619171626984127 0.004409171075837742 0.001736111111111111
1 0.7544091710758377 0.6564980158730159 0.005291005291005291 0.002976190476190476
1 0.8699294532627866 0.6045386904761905 0.005291005291005291 0.002232142857142857
1 0.658289241622575 0.6884920634920635 0.005291005291005291 0.002976190476190476
2 0.2987213403880071 0.41877480158730157 0.012786596119929453 0.005704365079365079
2 0.2709435626102293 0.43154761904761907 0.00837742504409171 0.009424603174603174
2 0.3002645502645503 0.3759920634920635 0.010582010582010581 0.008432539682539682
2 0.4228395061728395 0.32180059523809523 0.013227513227513227 0.004712301587301587
2 0.6419753086419753 0.3108878968253968 0.006172839506172839 0.008680555555555556
2 0.7182539682539683 0.3237847222222222 0.014109347442680775 0.005208333333333333
2 0.7431657848324515 0.3256448412698413 0.012786596119929453 0.002976190476190476
2 0.7339065255731922 0.3343253968253968 0.00837742504409171 0.005456349206349206
2 0.7317019400352733 0.3505704365079365 0.009259259259259259 0.005208333333333333
2 0.7266313932980599 0.3611111111111111 0.005291005291005291 0.007936507936507936
2 0.7916666666666666 0.36259920634920634 0.00837742504409171 0.005456349206349206
2 0.8410493827160493 0.36842757936507936 0.00837742504409171 0.00818452380952381
2 0.8560405643738977 0.3716517857142857 0.010141093474426807 0.004216269841269841
2 0.8586860670194003 0.37686011904761907 0.010141093474426807 0.005704365079365079
2 0.8619929453262787 0.39546130952380953 0.01146384479717813 0.004712301587301587
2 0.7839506172839507 0.41369047619047616 0.007054673721340388 0.007936507936507936
2 0.556657848324515 0.46217757936507936 0.010141093474426807 0.004712301587301587
2 0.6450617283950617 0.4410962301587302 0.007936507936507936 0.006696428571428571
2 0.8022486772486772 0.45300099206349204 0.012786596119929453 0.003224206349206349
2 0.7998236331569665 0.4599454365079365 0.009700176366843033 0.007192460317460317
2 0.9186507936507936 0.46279761904761907 0.009259259259259259 0.006944444444444444
2 0.9503968253968254 0.5093005952380952 0.012786596119929453 0.005208333333333333
2 0.9398148148148148 0.5199652777777778 0.013668430335097001 0.005208333333333333
2 0.9274691358024691 0.5405505952380952 0.013668430335097001 0.004712301587301587
2 0.927689594356261 0.5587797619047619 0.007054673721340388 0.007936507936507936
2 0.82826278659612 0.4867311507936508 0.010141093474426807 0.004216269841269841
2 0.6527777777777778 0.5078125 0.012786596119929453 0.004712301587301587
2 0.49360670194003525 0.5236855158730159 0.010141093474426807 0.007192460317460317
2 0.8908730158730159 0.5044642857142857 0.011904761904761904 0.002976190476190476
2 0.7982804232804233 0.5561755952380952 0.009259259259259259 0.005704365079365079
2 0.6492504409171076 0.6071428571428571 0.010141093474426807 0.005952380952380952
2 0.6327160493827161 0.6293402777777778 0.008818342151675485 0.005208333333333333
2 0.7462522045855379 0.6014384920634921 0.005731922398589065 0.006944444444444444
2 0.7590388007054674 0.6178075396825397 0.009259259259259259 0.006448412698412698
2 0.7387566137566137 0.634796626984127 0.0048500881834215165 0.006200396825396825
2 0.7290564373897708 0.6359126984126984 0.012786596119929453 0.00496031746031746
2 0.7934303350970018 0.6391369047619048 0.009259259259259259 0.005952380952380952
2 0.8461199294532628 0.636656746031746 0.009700176366843033 0.005456349206349206
2 0.8785273368606702 0.6378968253968254 0.009259259259259259 0.004464285714285714
2 0.7387566137566137 0.7144097222222222 0.005731922398589065 0.00818452380952381
2 0.6168430335097002 0.7433035714285714 0.012345679012345678 0.003968253968253968
2 0.4021164021164021 0.6862599206349206 0.013227513227513227 0.00496031746031746
2 0.24845679012345678 0.5939980158730159 0.01455026455026455 0.00496031746031746
2 0.25066137566137564 0.6076388888888888 0.011904761904761904 0.005952380952380952
2 0.44642857142857145 0.5811011904761905 0.012786596119929453 0.003472222222222222
2 0.44290123456790126 0.8028273809523809 0.00837742504409171 0.008928571428571428
2 0.37014991181657847 0.7673611111111112 0.006613756613756613 0.007936507936507936
2 0.25462962962962965 0.6378968253968254 0.01455026455026455 0.004464285714285714
2 0.222663139329806 0.6592261904761905 0.014109347442680775 0.005456349206349206
2 0.22685185185185186 0.6728670634920635 0.011904761904761904 0.00744047619047619
2 0.24801587301587302 0.6684027777777778 0.01455026455026455 0.005952380952380952
2 0.3090828924162258 0.7095734126984127 0.014991181657848324 0.006944444444444444
2 0.3324514991181658 0.7093253968253969 0.014991181657848324 0.004464285714285714
2 0.1761463844797178 0.53125 0.016313932980599646 0.005456349206349206
2 0.34678130511463845 0.4853670634920635 0.016313932980599646 0.003968253968253968
2 0.6432980599647267 0.5182291666666666 0.010582010582010581 0.003224206349206349
2 0.8291446208112875 0.5002480158730159 0.006613756613756613 0.005456349206349206
3 0.6611552028218695 0.3400297619047619 0.007495590828924162 0.005952380952380952
3 0.7888007054673721 0.3505704365079365 0.009700176366843033 0.004712301587301587
3 0.8567019400352733 0.36607142857142855 0.003527336860670194 0.005952380952380952
3 0.8824955908289241 0.40637400793650796 0.007495590828924162 0.005208333333333333
3 0.683641975308642 0.42844742063492064 0.011022927689594356 0.005208333333333333
3 0.6999559082892416 0.4286954365079365 0.009259259259259259 0.006200396825396825
3 0.7261904761904762 0.44853670634920634 0.007936507936507936 0.005208333333333333
3 0.7100970017636684 0.4565972222222222 0.009259259259259259 0.003472222222222222
3 0.8088624338624338 0.43774801587301587 0.009259259259259259 0.005456349206349206
3 0.7925485008818343 0.4461805555555556 0.007495590828924162 0.003968253968253968
3 0.9131393298059964 0.45089285714285715 0.009700176366843033 0.003968253968253968
3 0.9228395061728395 0.5337301587301587 0.007936507936507936 0.00992063492063492
3 0.9021164021164021 0.5654761904761905 0.007054673721340388 0.00496031746031746
3 0.9541446208112875 0.5287698412698413 0.007936507936507936 0.003968253968253968
3 0.7451499118165785 0.4929315476190476 0.008818342151675485 0.004712301587301587
3 0.7253086419753086 0.5068204365079365 0.007936507936507936 0.004712301587301587
3 0.6968694885361552 0.5053323412698413 0.005731922398589065 0.004712301587301587
3 0.7078924162257496 0.5002480158730159 0.005731922398589065 0.005952380952380952
3 0.7947530864197531 0.509796626984127 0.007495590828924162 0.006200396825396825
3 0.808641975308642 0.47643849206349204 0.005291005291005291 0.004464285714285714
3 0.9124779541446209 0.5814732142857143 0.005731922398589065 0.004216269841269841
3 0.8635361552028219 0.5145089285714286 0.011022927689594356 0.005208333333333333
3 0.8057760141093474 0.5133928571428571 0.007495590828924162 0.004464285714285714
3 0.8176807760141094 0.5084325396825397 0.007495590828924162 0.003472222222222222
3 0.6119929453262787 0.6423611111111112 0.007054673721340388 0.004464285714285714
3 0.6884920634920635 0.6382688492063492 0.006613756613756613 0.004712301587301587
3 0.7140652557319224 0.6088789682539683 0.0048500881834215165 0.004464285714285714
3 0.775352733686067 0.6246279761904762 0.006613756613756613 0.005208333333333333
3 0.7425044091710759 0.6387648809523809 0.006172839506172839 0.002728174603174603
3 0.6889329805996472 0.6701388888888888 0.005731922398589065 0.005456349206349206
3 0.8434744268077602 0.6171875 0.004409171075837742 0.005704365079365079
3 0.8628747795414462 0.6276041666666666 0.007936507936507936 0.003720238095238095
3 0.8331128747795414 0.6304563492063492 0.003968253968253968 0.00496031746031746
3 0.816358024691358 0.6785714285714286 0.010141093474426807 0.004464285714285714
3 0.7998236331569665 0.7000248015873016 0.006172839506172839 0.004712301587301587
3 0.7096560846560847 0.6814236111111112 0.00837742504409171 0.004216269841269841
3 0.578042328042328 0.6769593253968254 0.007936507936507936 0.003720238095238095
3 0.5462962962962963 0.7232142857142857 0.006172839506172839 0.005952380952380952
3 0.6984126984126984 0.7450396825396826 0.007936507936507936 0.002976190476190476
3 0.4997795414462081 0.6588541666666666 0.007495590828924162 0.003720238095238095
3 0.5167548500881834 0.5925099206349206 0.012345679012345678 0.00496031746031746
3 0.5317460317460317 0.7997271825396826 0.007054673721340388 0.005208333333333333
3 0.43805114638447973 0.7589285714285714 0.007495590828924162 0.00248015873015873
3 0.6419753086419753 0.7775297619047619 0.007936507936507936 0.004464285714285714
3 0.7369929453262787 0.5673363095238095 0.062169312169312166 0.031994047619047616
3 0.6128747795414462 0.5760168650793651 0.030864197530864196 0.015128968253968254
3 0.5707671957671958 0.566344246031746 0.024250440917107582 0.012152777777777778
3 0.5244708994708994 0.5549355158730159 0.018077601410934743 0.008680555555555556
3 0.4852292768959436 0.5625 0.03571428571428571 0.020337301587301588
3 0.43187830687830686 0.5525793650793651 0.03747795414462081 0.01984126984126984
3 0.3575837742504409 0.6877480158730159 0.008818342151675485 0.008432539682539682
3 0.43628747795414463 0.7743055555555556 0.00837742504409171 0.005952380952380952
3 0.5022045855379189 0.7658730158730159 0.009700176366843033 0.005952380952380952
3 0.6545414462081128 0.6935763888888888 0.00837742504409171 0.004216269841269841
3 0.5546737213403881 0.7359871031746031 0.007936507936507936 0.005208333333333333
3 0.5238095238095238 0.7175099206349206 0.007054673721340388 0.00496031746031746
3 0.6175044091710759 0.6959325396825397 0.007495590828924162 0.004464285714285714
3 0.5590828924162258 0.3991815476190476 0.008818342151675485 0.006696428571428571
3 0.5348324514991182 0.375 0.006172839506172839 0.005952380952380952
3 0.7870370370370371 0.3394097222222222 0.007936507936507936 0.004712301587301587
3 0.8580246913580247 0.5062003968253969 0.008818342151675485 0.004464285714285714
3 0.8489858906525574 0.5363343253968254 0.011022927689594356 0.004712301587301587
3 0.8401675485008818 0.6920882936507936 0.00837742504409171 0.003720238095238095
3 0.5169753086419753 0.6700148809523809 0.00837742504409171 0.005208333333333333
3 0.5403439153439153 0.7750496031746031 0.00837742504409171 0.00496031746031746