0 0.49250440917107585 0.40835813492063494 0.006172839506172839 0.003224206349206349
0 0.6516754850088183 0.5341021825396826 0.006172839506172839 0.003224206349206349
0 0.792989417989418 0.5652281746031746 0.006613756613756613 0.003968253968253968
0 0.23633156966490299 0.4296875 0.006172839506172839 0.002232142857142857
0 0.10582010582010581 0.26847718253968256 0.007054673721340388 0.003224206349206349
0 0.38955026455026454 0.43973214285714285 0.005731922398589065 0.00248015873015873
1 0.8009259259259259 0.4461805555555556 0.00837742504409171 0.005456349206349206
1 0.8379629629629629 0.46044146825396826 0.00837742504409171 0.004216269841269841
1 0.9358465608465608 0.4774305555555556 0.00837742504409171 0.003968253968253968
1 0.7552910052910053 0.44556051587301587 0.009700176366843033 0.005208333333333333
1 0.8077601410934744 0.4792906746031746 0.008818342151675485 0.005208333333333333
1 0.6966490299823633 0.5109126984126984 0.009700176366843033 0.005952380952380952
1 0.6060405643738977 0.5390625 0.010141093474426807 0.006200396825396825
1 0.6221340388007055 0.5545634920634921 0.007054673721340388 0.00496031746031746
1 0.5593033509700176 0.48648313492063494 0.00837742504409171 0.005208333333333333
1 0.6126543209876543 0.4680059523809524 0.009259259259259259 0.00496031746031746
1 0.5372574955908289 0.46688988095238093 0.009259259259259259 0.005208333333333333
1 0.5615079365079365 0.46068948412698413 0.009259259259259259 0.005208333333333333
1 0.48412698412698413 0.4595734126984127 0.008818342151675485 0.005456349206349206
1 0.49074074074074076 0.4556051587301587 0.005291005291005291 0.00248015873015873
1 0.4722222222222222 0.423859126984127 0.006172839506172839 0.002976190476190476
1 0.46119929453262787 0.419890873015873 0.010582010582010581 0.006448412698412698
1 0.5205026455026455 0.5306299603174603 0.00837742504409171 0.004712301587301587
1 0.48500881834215165 0.5409226190476191 0.008818342151675485 0.004464285714285714
1 0.43209876543209874 0.4913194444444444 0.008818342151675485 0.00496031746031746
1 0.3972663139329806 0.443328373015873 0.007936507936507936 0.005208333333333333
1 0.3608906525573192 0.40674603174603174 0.00837742504409171 0.005456349206349206
1 0.36529982363315694 0.3994295634920635 0.009259259259259259 0.004712301587301587
1 0.2985008818342152 0.43117559523809523 0.008818342151675485 0.005208333333333333
1 0.3626543209876543 0.46081349206349204 0.010141093474426807 0.00496031746031746
1 0.3395061728395062 0.5080605158730159 0.008818342151675485 0.005208333333333333
1 0.31261022927689597 0.5726686507936508 0.010582010582010581 0.00496031746031746
1 0.3567019400352734 0.605530753968254 0.010582010582010581 0.005704365079365079
1 0.43716931216931215 0.6196676587301587 0.009259259259259259 0.005704365079365079
1 0.5143298059964727 0.6498015873015873 0.00837742504409171 0.00496031746031746
1 0.5890652557319224 0.6963045634920635 0.007936507936507936 0.004712301587301587
1 0.6351410934744268 0.6799355158730159 0.00837742504409171 0.004712301587301587
1 0.2916666666666667 0.7135416666666666 0.010141093474426807 0.006448412698412698
1 0.20282186948853614 0.7192460317460317 0.008818342151675485 0.004464285714285714
1 0.6814373897707231 0.48735119047619047 0.00837742504409171 0.004464285714285714
1 0.697310405643739 0.45275297619047616 0.009259259259259259 0.004712301587301587
1 0.5286596119929453 0.3898809523809524 0.007936507936507936 0.004464285714285714
1 0.003968253968253968 0.652281746031746 0.007936507936507936 0.005456349206349206
1 0.21075837742504408 0.6619543650793651 0.009700176366843033 0.005456349206349206
1 0.1677689594356261 0.628968253968254 0.010141093474426807 0.005456349206349206
1 0.2705026455026455 0.6996527777777778 0.010141093474426807 0.005456349206349206
1 0.3800705467372134 0.6801835317460317 0.008818342151675485 0.004712301587301587
1 0.32760141093474426 0.6608382936507936 0.008818342151675485 0.005208333333333333
1 0.41203703703703703 0.6595982142857143 0.009259259259259259 0.005208333333333333
1 0.4018959435626102 0.6566220238095238 0.00837742504409171 0.004216269841269841
1 0.23082010582010581 0.6845238095238095 0.009259259259259259 0.00496031746031746
1 0.02755731922398589 0.5768849206349206 0.009259259259259259 0.00496031746031746
1 0.06040564373897707 0.5535714285714286 0.009700176366843033 0.00496031746031746
1 0.12191358024691358 0.5570436507936508 0.009259259259259259 0.004464285714285714
1 0.1384479717813051 0.5689484126984127 0.008818342151675485 0.003968253968253968
1 0.17372134038800705 0.5767609126984127 0.008818342151675485 0.005208333333333333
1 0.21340388007054673 0.5689484126984127 0.010582010582010581 0.004464285714285714
1 0.2275132275132275 0.5998263888888888 0.008818342151675485 0.004712301587301587
1 0.22023809523809523 0.5967261904761905 0.00837742504409171 0.004464285714285714
1 0.26940035273368607 0.542906746031746 0.007936507936507936 0.004464285714285714
1 0.23148148148148148 0.5498511904761905 0.009700176366843033 0.00496031746031746
1 0.21208112874779542 0.42199900793650796 0.008818342151675485 0.004712301587301587
1 0.20899470899470898 0.4477926587301587 0.008818342151675485 0.005208333333333333
1 0.12081128747795414 0.4470486111111111 0.005291005291005291 0.003224206349206349
1 0.5802469135802469 0.6421130952380952 0.008818342151675485 0.00496031746031746
1 0.5462962962962963 0.6287202380952381 0.008818342151675485 0.005952380952380952
1 0.4722222222222222 0.5593998015873016 0.009700176366843033 0.005208333333333333
1 0.5238095238095238 0.5840773809523809 0.007936507936507936 0.005456349206349206
1 0.4673721340388007 0.5659722222222222 0.008818342151675485 0.004464285714285714
1 0.4653880070546737 0.5691964285714286 0.003968253968253968 0.001488095238095238
1 0.43871252204585537 0.5522073412698413 0.004409171075837742 0.002728174603174603
1 0.43915343915343913 0.5436507936507936 0.004409171075837742 0.00248015873015873
1 0.443342151675485 0.5419146825396826 0.0030864197530864196 0.001984126984126984
1 0.685626102292769 0.5895337301587301 0.008818342151675485 0.00496031746031746
1 0.671957671957672 0.5863095238095238 0.004409171075837742 0.002976190476190476
1 0.6803350970017636 0.558531746031746 0.005291005291005291 0.00248015873015873
1 0.6741622574955908 0.5751488095238095 0.005291005291005291 0.002976190476190476
1 0.8500881834215167 0.5608878968253969 0.010582010582010581 0.005208333333333333
1 0.625 0.4495287698412698 0.0048500881834215165 0.003720238095238095
1 0.20943562610229277 0.5053323412698413 0.008818342151675485 0.004712301587301587
1 0.7092151675485009 0.609375 0.009259259259259259 0.00496031746031746
1 0.517636684303351 0.6397569444444444 0.010582010582010581 0.004712301587301587
1 0.47332451499118167 0.6108630952380952 0.00837742504409171 0.003968253968253968
1 0.3932980599647266 0.5347222222222222 0.010582010582010581 0.005456349206349206
1 0.3205467372134039 0.42844742063492064 0.008818342151675485 0.005704365079365079
1 0.3176807760141093 0.43737599206349204 0.003968253968253968 0.002232142857142857
1 0.4382716049382716 0.4513888888888889 0.003527336860670194 0.002976190476190476
1 0.7041446208112875 0.47532242063492064 0.006172839506172839 0.003720238095238095
1 0.5758377425044092 0.5854414682539683 0.005291005291005291 0.003224206349206349
1 0.11221340388007055 0.6517857142857143 0.009259259259259259 0.006944444444444444
1 0.1574074074074074 0.5597718253968254 0.004409171075837742 0.004464285714285714
1 0.15299823633156967 0.5592757936507936 0.003527336860670194 0.002976190476190476
1 0.15343915343915343 0.5343501984126984 0.005291005291005291 0.002232142857142857
1 0.6036155202821869 0.421875 0.007054673721340388 0.003968253968253968
1 0.6622574955908289 0.4254712301587302 0.005291005291005291 0.003224206349206349
1 0.7341269841269841 0.4021577380952381 0.006172839506172839 0.004712301587301587
1 0.6840828924162258 0.38913690476190477 0.006613756613756613 0.003968253968253968
1 0.3322310405643739 0.5953621031746031 0.005731922398589065 0.002232142857142857
1 0.19025573192239859 0.6112351190476191 0.00837742504409171 0.004712301587301587
1 0.18342151675485008 0.6164434523809523 0.004409171075837742 0.002232142857142857
1 0.11221340388007055 0.6217757936507936 0.0048500881834215165 0.002976190476190476
1 0.12345679012345678 0.6365327380952381 0.005291005291005291 0.003224206349206349
1 0.12632275132275134 0.5687003968253969 0.013668430335097001 0.006944444444444444
1 0.2482363315696649 0.7506200396825397 0.01146384479717813 0.006696428571428571
1 0.22530864197530864 0.7604166666666666 0.004409171075837742 0.002976190476190476
1 0.2892416225749559 0.738343253968254 0.007936507936507936 0.002976190476190476
1 0.29916225749559083 0.7083333333333334 0.005731922398589065 0.001984126984126984
1 0.320326278659612 0.7106894841269841 0.003968253968253968 0.001736111111111111
1 0.3560405643738977 0.6671626984126984 0.0048500881834215165 0.002976190476190476
1 0.44642857142857145 0.6650545634920635 0.003968253968253968 0.002728174603174603
1 0.5002204585537919 0.6598462301587301 0.006613756613756613 0.002728174603174603
1 0.5141093474426808 0.6886160714285714 0.004409171075837742 0.002728174603174603
1 0.4834656084656085 0.6860119047619048 0.003968253968253968 0.00248015873015873
1 0.38425925925925924 0.6892361111111112 0.005731922398589065 0.00248015873015873
1 0.3977072310405644 0.6912202380952381 0.004409171075837742 0.00248015873015873
1 0.4129188712522046 0.6839037698412699 0.003968253968253968 0.002728174603174603
1 0.42504409171075835 0.6938244047619048 0.003527336860670194 0.003224206349206349
1 0.40343915343915343 0.7025049603174603 0.005291005291005291 0.002728174603174603
1 0.3957231040564374 0.6429811507936508 0.003968253968253968 0.001736111111111111
1 0.421957671957672 0.6638144841269841 0.004409171075837742 0.002232142857142857
1 0.3776455026455027 0.6536458333333334 0.003968253968253968 0.002232142857142857
1 0.37014991181657847 0.6400049603174603 0.003968253968253968 0.002728174603174603
1 0.36243386243386244 0.625 0.004409171075837742 0.00248015873015873
1 0.3679453262786596 0.6142113095238095 0.0048500881834215165 0.002232142857142857
1 0.32671957671957674 0.6310763888888888 0.003527336860670194 0.002232142857142857
1 0.6942239858906526 0.6111111111111112 0.006613756613756613 0.003968253968253968
1 0.736331569664903 0.6145833333333334 0.01146384479717813 0.005456349206349206
1 0.806657848324515 0.5186011904761905 0.006613756613756613 0.00248015873015873
1 0.7491181657848325 0.5029761904761905 0.004409171075837742 0.002976190476190476
1 0.5903880070546738 0.4724702380952381 0.003527336860670194 0.00248015873015873
1 0.5511463844797179 0.5073164682539683 0.003527336860670194 0.001736111111111111
1 0.5738536155202821 0.49702380952380953 0.003968253968253968 0.001984126984126984
1 0.595679012345679 0.5086805555555556 0.004409171075837742 0.00248015873015873
1 0.23324514991181658 0.39893353174603174 0.005291005291005291 0.005704365079365079
1 0.2958553791887125 0.3185763888888889 0.004409171075837742 0.002728174603174603
1 0.28152557319223986 0.32824900793650796 0.0048500881834215165 0.002232142857142857
1 0.32341269841269843 0.3451140873015873 0.0048500881834215165 0.002728174603174603
1 0.12764550264550265 0.34585813492063494 0.005731922398589065 0.003720238095238095
1 0.2034832451499118 0.35887896825396826 0.009259259259259259 0.006448412698412698
1 0.19400352733686066 0.35652281746031744 0.008818342151675485 0.005704365079365079
1 0.2601410934744268 0.4149305555555556 0.007936507936507936 0.005456349206349206
1 0.2967372134038801 0.42150297619047616 0.009700176366843033 0.004712301587301587
1 0.4210758377425044 0.5100446428571429 0.004409171075837742 0.002728174603174603
1 0.35802469135802467 0.47668650793650796 0.006172839506172839 0.00248015873015873
1 0.30709876543209874 0.45709325396825395 0.0048500881834215165 0.001984126984126984
1 0.28835978835978837 0.4720982142857143 0.003527336860670194 0.003224206349206349
1 0.3115079365079365 0.46205357142857145 0.0048500881834215165 0.002976190476190476
1 0.2951940035273369 0.4541170634920635 0.0048500881834215165 0.002976190476190476
1 0.3236331569664903 0.447296626984127 0.004409171075837742 0.002728174603174603
1 0.3082010582010582 0.44642857142857145 0.003527336860670194 0.001984126984126984
1 0.3549382716049383 0.43762400793650796 0.004409171075837742 0.002232142857142857
1 0.3741181657848324 0.427703373015873 0.003968253968253968 0.002728174603174603
1 0.39991181657848324 0.44990079365079366 0.003527336860670194 0.00248015873015873
1 0.1574074074074074 0.3549107142857143 0.003527336860670194 0.00248015873015873
1 0.5531305114638448 0.5771329365079365 0.0030864197530864196 0.001984126984126984
1 0.5271164021164021 0.5618799603174603 0.0030864197530864196 0.001736111111111111
1 0.5648148148148148 0.5724206349206349 0.0026455026455026454 0.001984126984126984
1 0.566358024691358 0.5674603174603174 0.0030864197530864196 0.001488095238095238
1 0.533068783068783 0.5902777777777778 0.003527336860670194 0.002976190476190476
1 0.5074955908289241 0.5276537698412699 0.005291005291005291 0.002232142857142857
1 0.5418871252204586 0.5419146825396826 0.005291005291005291 0.001984126984126984
1 0.48831569664902996 0.5536954365079365 0.003968253968253968 0.001736111111111111
1 0.6809964726631393 0.49987599206349204 0.003968253968253968 0.001736111111111111
1 0.7563932980599647 0.5407986111111112 0.0048500881834215165 0.002728174603174603
1 0.873015873015873 0.5546875 0.006172839506172839 0.002728174603174603
1 0.6898148148148148 0.6402529761904762 0.003968253968253968 0.001736111111111111
1 0.5987654320987654 0.6328125 0.003527336860670194 0.001736111111111111
1 0.6730599647266314 0.7077132936507936 0.005731922398589065 0.002728174603174603
1 0.5143298059964727 0.7145337301587301 0.003968253968253968 0.001984126984126984
1 0.6038359788359788 0.7198660714285714 0.0048500881834215165 0.002232142857142857
1 0.5590828924162258 0.7289186507936508 0.006172839506172839 0.003472222222222222
1 0.6181657848324515 0.7098214285714286 0.007936507936507936 0.003968253968253968
1 0.10582010582010581 0.6955605158730159 0.004409171075837742 0.001736111111111111
1 0.10736331569664903 0.6927083333333334 0.0030864197530864196 0.001984126984126984
1 0.14947089947089948 0.6749751984126984 0.004409171075837742 0.002232142857142857
1 0.17173721340388007 0.6610863095238095 0.0030864197530864196 0.001736111111111111
1 0.18562610229276896 0.6450892857142857 0.003527336860670194 0.001984126984126984
1 0.14285714285714285 0.6536458333333334 0.003527336860670194 0.002232142857142857
1 0.13822751322751323 0.6423611111111112 0.0048500881834215165 0.001488095238095238
1 0.2400793650793651 0.6309523809523809 0.003968253968253968 0.00248015873015873
1 0.2601410934744268 0.6161954365079365 0.005291005291005291 0.002232142857142857
1 0.26168430335097004 0.6254960317460317 0.0030864197530864196 0.00248015873015873
1 0.22861552028218696 0.5028521825396826 0.0048500881834215165 0.002728174603174603
1 0.23743386243386244 0.5044642857142857 0.003968253968253968 0.001488095238095238
1 0.22420634920634921 0.4957837301587302 0.0048500881834215165 0.001984126984126984
1 0.22134038800705466 0.49776785714285715 0.003527336860670194 0.001984126984126984
1 0.23765432098765432 0.4497767857142857 0.005291005291005291 0.002232142857142857
1 0.6236772486772487 0.3525545634920635 0.005731922398589065 0.003720238095238095
1 0.7160493827160493 0.37189980158730157 0.005291005291005291 0.003224206349206349
1 0.6338183421516755 0.3603670634920635 0.0030864197530864196 0.001984126984126984
1 0.6078042328042328 0.3851686507936508 0.0030864197530864196 0.001984126984126984
1 0.6168430335097002 0.3880208333333333 0.005291005291005291 0.002232142857142857
1 0.6814373897707231 0.4670138888888889 0.005731922398589065 0.00248015873015873
1 0.6792328042328042 0.45634920634920634 0.0048500881834215165 0.00248015873015873
1 0.6664462081128748 0.4615575396825397 0.0048500881834215165 0.001984126984126984
1 0.4052028218694885 0.5406746031746031 0.003527336860670194 0.001984126984126984
1 0.6265432098765432 0.4322916666666667 0.009700176366843033 0.00496031746031746
1 0.7411816578483245 0.4321676587301587 0.009700176366843033 0.005208333333333333
1 0.26631393298059963 0.38764880952380953 0.005291005291005291 0.002976190476190476
1 0.34678130511463845 0.4026537698412698 0.003968253968253968 0.002728174603174603
1 0.39131393298059963 0.40637400793650796 0.005731922398589065 0.002232142857142857
1 0.4054232804232804 0.36123511904761907 0.0030864197530864196 0.001736111111111111
1 0.4007936507936508 0.35342261904761907 0.003527336860670194 0.001984126984126984
1 0.3835978835978836 0.33606150793650796 0.005291005291005291 0.00248015873015873
1 0.37985008818342153 0.3376736111111111 0.0030864197530864196 0.001736111111111111
1 0.3463403880070547 0.33878968253968256 0.003968253968253968 0.001984126984126984
1 0.31635802469135804 0.3055555555555556 0.005731922398589065 0.00248015873015873
1 0.3871252204585538 0.30493551587301587 0.005291005291005291 0.002232142857142857
1 0.6441798941798942 0.43154761904761907 0.007936507936507936 0.006448412698412698
1 0.07341269841269842 0.6654265873015873 0.003968253968253968 0.00248015873015873
1 0.2259700176366843 0.25483630952380953 0.0030864197530864196 0.002232142857142857
1 0.22111992945326278 0.2408234126984127 0.003968253968253968 0.001984126984126984
1 0.2550705467372134 0.2230902777777778 0.003968253968253968 0.002728174603174603
1 0.6029541446208113 0.3705357142857143 0.0030864197530864196 0.001984126984126984
1 0.5343915343915344 0.42373511904761907 0.004409171075837742 0.002728174603174603
1 0.517416225749559 0.4314236111111111 0.0048500881834215165 0.001736111111111111
1 0.45789241622574955 0.43291170634920634 0.0030864197530864196 0.002728174603174603
1 0.4962522045855379 0.46478174603174605 0.0030864197530864196 0.001984126984126984
1 0.5050705467372134 0.46391369047619047 0.0030864197530864196 0.001736111111111111
1 0.5815696649029982 0.4913194444444444 0.003527336860670194 0.00248015873015873
1 0.5119047619047619 0.40674603174603174 0.014109347442680775 0.00248015873015873
1 0.48897707231040566 0.4367559523809524 0.003527336860670194 0.00248015873015873
1 0.5017636684303352 0.4701140873015873 0.008818342151675485 0.005704365079365079
1 0.6571869488536155 0.4810267857142857 0.010141093474426807 0.005208333333333333
1 0.6653439153439153 0.4740823412698413 0.007936507936507936 0.004712301587301587
1 0.6728395061728395 0.47879464285714285 0.003527336860670194 0.001736111111111111
1 0.4230599647266314 0.6438492063492064 0.0048500881834215165 0.002976190476190476
1 0.421957671957672 0.6505456349206349 0.003527336860670194 0.00248015873015873
1 0.45811287477954143 0.6424851190476191 0.006172839506172839 0.001736111111111111
1 0.4415784832451499 0.6682787698412699 0.003968253968253968 0.001736111111111111
1 0.4519400352733686 0.6850198412698413 0.004409171075837742 0.001984126984126984
1 0.4539241622574956 0.6701388888888888 0.009259259259259259 0.00496031746031746
1 0.8458994708994709 0.4632936507936508 0.0048500881834215165 0.002976190476190476
1 0.8747795414462081 0.49441964285714285 0.004409171075837742 0.002232142857142857
1 0.7067901234567902 0.5215773809523809 0.009700176366843033 0.005456349206349206
2 0.5361552028218695 0.5079365079365079 0.02292768959435626 0.002976190476190476
2 0.6534391534391535 0.5148809523809523 0.015873015873015872 0.003968253968253968
2 0.6649029982363316 0.4415922619047619 0.019400352733686066 0.005208333333333333
2 0.8714726631393298 0.4495287698412698 0.007495590828924162 0.011160714285714286
2 0.6044973544973545 0.47445436507936506 0.019400352733686066 0.003968253968253968
2 0.5291005291005291 0.4755704365079365 0.013227513227513227 0.005208333333333333
2 0.31106701940035275 0.5173611111111112 0.015432098765432098 0.004464285714285714
2 0.23412698412698413 0.515625 0.007936507936507936 0.008928571428571428
2 0.2019400352733686 0.5197172619047619 0.014109347442680775 0.005704365079365079
2 0.18694885361552027 0.47371031746031744 0.007054673721340388 0.012896825396825396
2 0.21472663139329806 0.46564980158730157 0.01763668430335097 0.009176587301587302
2 0.1781305114638448 0.42844742063492064 0.007936507936507936 0.01066468253968254
2 0.21450617283950618 0.4273313492063492 0.016313932980599646 0.00496031746031746
2 0.13977072310405644 0.39087301587301587 0.009700176366843033 0.013392857142857142
2 0.42328042328042326 0.5767609126984127 0.014109347442680775 0.004216269841269841
2 0.36353615520282184 0.5680803571428571 0.007495590828924162 0.008680555555555556
2 0.28350970017636684 0.550719246031746 0.014991181657848324 0.006696428571428571
2 0.2925485008818342 0.5477430555555556 0.007495590828924162 0.007192460317460317
2 0.2932098765432099 0.6049107142857143 0.014109347442680775 0.008432539682539682
2 0.2932098765432099 0.6231398809523809 0.007936507936507936 0.008680555555555556
2 0.3055555555555556 0.6214037698412699 0.014991181657848324 0.005208333333333333
2 0.4415784832451499 0.6303323412698413 0.015432098765432098 0.005704365079365079
2 0.640652557319224 0.673859126984127 0.020282186948853614 0.002976190476190476
2 0.6646825396825397 0.5809771825396826 0.011022927689594356 0.007688492063492063
2 0.8996913580246914 0.40339781746031744 0.007495590828924162 0.012152777777777778
2 0.5240299823633157 0.45535714285714285 0.007495590828924162 0.011408730158730158
2 0.5004409171075838 0.4582093253968254 0.014109347442680775 0.005704365079365079
2 0.5112433862433863 0.5607638888888888 0.009259259259259259 0.006944444444444444
2 0.3388447971781305 0.37958829365079366 0.017195767195767195 0.003224206349206349
2 0.17350088183421516 0.5215773809523809 0.013668430335097001 0.005952380952380952
2 0.20811287477954143 0.5844494047619048 0.015873015873015872 0.003224206349206349
2 0.3959435626102293 0.6181795634920635 0.010582010582010581 0.006696428571428571
2 0.6955467372134039 0.5601438492063492 0.016313932980599646 0.003224206349206349
2 0.6578483245149912 0.5572916666666666 0.014991181657848324 0.00496031746031746
2 0.5227072310405644 0.6217757936507936 0.007495590828924162 0.007936507936507936
2 0.26851851851851855 0.4619295634920635 0.014991181657848324 0.003224206349206349
2 0.07914462081128748 0.7000248015873016 0.015432098765432098 0.012152777777777778
2 0.2396384479717813 0.7704613095238095 0.006613756613756613 0.00818452380952381
2 0.25308641975308643 0.6875 0.007936507936507936 0.009424603174603174
2 0.8630952380952381 0.5288938492063492 0.012786596119929453 0.003720238095238095
2 0.9455467372134039 0.5373263888888888 0.01455026455026455 0.003720238095238095
3 0.49779541446208114 0.4210069444444444 0.008818342151675485 0.002232142857142857
3 0.42416225749559083 0.40749007936507936 0.007054673721340388 0.002976190476190476
3 0.34523809523809523 0.42509920634920634 0.005291005291005291 0.005952380952380952
3 0.7028218694885362 0.6150793650793651 0.013227513227513227 0.002976190476190476
3 0.7085537918871252 0.6127232142857143 0.01763668430335097 0.002232142857142857
3 0.6589506172839507 0.4693700396825397 0.003968253968253968 0.003720238095238095
3 0.31746031746031744 0.4146825396825397 0.007936507936507936 0.00248015873015873
3 0.5544532627865961 0.5145089285714286 0.0048500881834215165 0.002232142857142857
3 0.5502645502645502 0.503968253968254 0.005291005291005291 0.002976190476190476
3 0.3317901234567901 0.4234871031746032 0.011904761904761904 0.002728174603174603
3 0.20899470899470898 0.5608878968253969 0.005291005291005291 0.006200396825396825
3 0.2533068783068783 0.5106646825396826 0.0048500881834215165 0.003472222222222222
3 0.4129188712522046 0.541046626984127 0.0030864197530864196 0.002728174603174603
3 0.6333774250440917 0.4884672619047619 0.0030864197530864196 0.002728174603174603
3 0.37632275132275134 0.341765873015873 0.005731922398589065 0.004464285714285714
3 0.41798941798941797 0.4487847222222222 0.005291005291005291 0.002728174603174603