0 0.63203125 0.50625 0.0390625 0.04375
0 0.16953125 0.4953125 0.0609375 0.0375
1 0.9234375 0.06484375 0.034375 0.0328125
2 0.75625 0.9078125 0.0625 0.040625
2 0.334375 0.92890625 0.046875 0.0328125
2 0.4890625 0.38125 0.05625 0.0375
2 0.94375 0.77890625 0.071875 0.0578125
2 0.4625 0.05703125 0.046875 0.0578125
2 0.46015625 0.14453125 0.0234375 0.0546875
2 0.53515625 0.19140625 0.0421875 0.0484375
2 0.4296875 0.634375 0.03125 0.053125
2 0.40703125 0.47734375 0.0328125 0.0609375
2 0.04140625 0.0890625 0.0546875 0.040625
2 0.553125 0.8828125 0.0375 0.04375
2 0.4484375 0.828125 0.025 0.053125
2 0.3421875 0.61171875 0.025 0.0515625
3 0.390625 0.378125 0.04375 0.034375
3 0.253125 0.8953125 0.034375 0.03125
3 0.57421875 0.44296875 0.0515625 0.0484375
