0 0.3546875 0.5875 0.0375 0.025
0 0.29296875 0.19453125 0.0484375 0.0328125
0 0.45859375 0.390625 0.0484375 0.040625
0 0.834375 0.23125 0.0375 0.025
1 0.21796875 0.53359375 0.0328125 0.0359375
2 0.03671875 0.9625 0.0421875 0.05
2 0.80625 0.51875 0.053125 0.025
2 0.33125 0.634375 0.05 0.0375
2 0.52109375 0.7328125 0.0484375 0.046875
2 0.9 0.63125 0.046875 0.04375
2 0.42734375 0.90625 0.0421875 0.0375
2 0.7421875 0.2703125 0.034375 0.05
2 0.73046875 0.1984375 0.0234375 0.046875
2 0.32421875 0.921875 0.0484375 0.04375
2 0.6875 0.396875 0.04375 0.03125
2 0.1953125 0.55625 0.025 0.046875
