0 0.253125 0.184375 0.025 0.034375
0 0.1453125 0.16875 0.0375 0.025
0 0.55 0.390625 0.034375 0.0375
0 0.9328125 0.45078125 0.034375 0.0359375
0 0.621875 0.875 0.034375 0.0375
0 0.08984375 0.30390625 0.0265625 0.0421875
0 0.55 0.1984375 0.04375 0.03125
0 0.6078125 0.7359375 0.0375 0.0375
0 0.52578125 0.678125 0.0359375 0.0375
0 0.6703125 0.60546875 0.03125 0.0390625
0 0.59140625 0.4984375 0.0328125 0.03125
0 0.05625 0.5125 0.040625 0.03125
0 0.3234375 0.81953125 0.0375 0.0328125
0 0.8640625 0.7546875 0.04375 0.025
0 0.12890625 0.8921875 0.0234375 0.04375
0 0.60625 0.1875 0.021875 0.040625
0 0.16875 0.2546875 0.01875 0.040625
1 0.2546875 0.9265625 0.034375 0.0375
2 0.1046875 0.9484375 0.025 0.053125
2 0.8125 0.8125 0.040625 0.040625
