0 0.8796875 0.3140625 0.0375 0.0375
0 0.7890625 0.440625 0.03125 0.034375
0 0.76328125 0.2734375 0.0234375 0.034375
0 0.66015625 0.315625 0.0421875 0.034375
0 0.6 0.2796875 0.034375 0.034375
0 0.5390625 0.5296875 0.034375 0.025
0 0.453125 0.690625 0.034375 0.0375
0 0.25625 0.5875 0.034375 0.03125
0 0.178125 0.5328125 0.034375 0.040625
0 0.06875 0.15546875 0.04375 0.0328125
0 0.259375 0.8078125 0.034375 0.025
0 0.73671875 0.796875 0.0359375 0.025
0 0.178125 0.85546875 0.034375 0.0296875
2 0.09765625 0.45546875 0.0578125 0.0328125
2 0.31328125 0.1765625 0.0546875 0.025
2 0.01875 0.090625 0.034375 0.04375
3 0.8828125 0.11875 0.025 0.034375
3 0.86953125 0.3625 0.0234375 0.0375
3 0.83828125 0.428125 0.0421875 0.025
3 0.125 0.871875 0.034375 0.034375
3 0.284375 0.42734375 0.04375 0.0328125
3 0.4578125 0.39375 0.028125 0.0375
