0 0.59921875 0.56875 0.0421875 0.040625
0 0.2203125 0.884375 0.028125 0.0375
0 0.396875 0.1296875 0.021875 0.0375
0 0.72109375 0.496875 0.0328125 0.0375
0 0.39765625 0.4671875 0.0328125 0.03125
1 0.93828125 0.6859375 0.0296875 0.03125
2 0.62890625 0.1203125 0.0421875 0.034375
2 0.015625 0.40390625 0.03125 0.0484375
3 0.9484375 0.2953125 0.028125 0.034375
3 0.55 0.5390625 0.040625 0.03125
3 0.46484375 0.3890625 0.0328125 0.025
3 0.24375 0.01875 0.028125 0.034375
3 0.1359375 0.4765625 0.04375 0.028125
3 0.0328125 0.49609375 0.028125 0.0328125
3 0.84765625 0.4203125 0.0390625 0.028125
3 0.79375 0.53984375 0.034375 0.0359375
3 0.86484375 0.55859375 0.0328125 0.0359375
3 0.94921875 0.596875 0.0328125 0.040625
