0 0.6375 0.2109375 0.0375 0.034375
0 0.478125 0.10625 0.03125 0.028125
0 0.40625 0.0984375 0.0375 0.0375
0 0.375 0.146875 0.0375 0.0375
0 0.359375 0.275 0.040625 0.034375
0 0.64375 0.571875 0.034375 0.021875
0 0.565625 0.6328125 0.03125 0.021875
0 0.4625 0.6421875 0.03125 0.021875
0 0.153125 0.85 0.025 0.034375
0 0.49375 0.8453125 0.034375 0.021875
0 0.96484375 0.97578125 0.0453125 0.0390625
0 0.065625 0.234375 0.0375 0.0375
0 0.215625 0.1640625 0.034375 0.025
0 0.721875 0.740625 0.0375 0.025
0 0.7640625 0.7015625 0.0375 0.025
0 0.16484375 0.7140625 0.0328125 0.028125
1 0.896875 0.37734375 0.040625 0.0328125
1 0.66484375 0.4609375 0.0265625 0.021875
1 0.55625 0.36328125 0.025 0.0234375
2 0.8796875 0.18359375 0.028125 0.0578125
2 0.7765625 0.571875 0.053125 0.04375
2 0.5578125 0.84375 0.021875 0.053125
2 0.15 0.6625 0.03125 0.046875
3 0.96875 0.2640625 0.0375 0.0375
3 0.8109375 0.4453125 0.0375 0.028125
3 0.08984375 0.3890625 0.0328125 0.021875
3 0.4125 0.5546875 0.03125 0.025
3 0.5234375 0.61484375 0.034375 0.0203125
3 0.315625 0.8515625 0.021875 0.025
3 0.81875 0.4 0.0375 0.034375
3 0.303125 0.421875 0.034375 0.025
