0 0.5578125 0.22265625 0.03125 0.0359375
2 0.18984375 0.0265625 0.0328125 0.040625
2 0.38203125 0.5 0.0203125 0.05
2 0.8140625 0.6828125 0.04375 0.025
3 0.83125 0.046875 0.025 0.028125
3 0.56015625 0.0203125 0.0234375 0.028125
3 0.36875 0.02421875 0.021875 0.0171875
3 0.1078125 0.275 0.034375 0.028125
3 0.165625 0.409375 0.021875 0.028125
3 0.4859375 0.2921875 0.028125 0.025
3 0.9515625 0.2640625 0.028125 0.021875
3 0.725 0.8984375 0.028125 0.028125
3 0.68125 0.36875 0.028125 0.025
3 0.8125 0.384375 0.025 0.028125
3 0.0234375 0.3578125 0.028125 0.021875
3 0.5203125 0.69765625 0.03125 0.0234375
