0 0.034375 0.7515625 0.03125 0.0375
0 0.29296875 0.91875 0.0328125 0.03125
0 0.8609375 0.78125 0.0375 0.025
0 0.5375 0.071875 0.0375 0.034375
0 0.35 0.084375 0.03125 0.028125
0 0.29609375 0.11953125 0.0234375 0.0421875
0 0.053125 0.31484375 0.025 0.0421875
0 0.29609375 0.37578125 0.0328125 0.0421875
0 0.04765625 0.85234375 0.0296875 0.0421875
0 0.01953125 0.6578125 0.0390625 0.021875
0 0.07578125 0.60078125 0.0390625 0.0296875
0 0.6109375 0.5578125 0.0375 0.040625
0 0.76796875 0.409375 0.0421875 0.03125
0 0.5015625 0.33828125 0.040625 0.0234375
0 0.709375 0.22421875 0.0375 0.0359375
0 0.878125 0.04921875 0.03125 0.0359375
0 0.778125 0.0359375 0.040625 0.03125
0 0.703125 0.0421875 0.028125 0.040625
0 0.79765625 0.17578125 0.0171875 0.0359375
2 0.646875 0.0796875 0.025 0.04375
2 0.81015625 0.965625 0.0140625 0.028125
2 0.14609375 0.1375 0.0421875 0.03125
2 0.3609375 0.61953125 0.0375 0.0265625
3 0.05 0.0609375 0.0375 0.025
3 0.80546875 0.94375 0.0328125 0.015625
3 0.46875 0.0921875 0.025 0.05
3 0.24453125 0.14375 0.0390625 0.03125