0 0.2640625 0.1109375 0.040625 0.04375
0 0.27890625 0.21171875 0.0484375 0.0484375
0 0.3453125 0.434375 0.034375 0.0375
0 0.2265625 0.4234375 0.03125 0.0375
0 0.29296875 0.08203125 0.0328125 0.0390625
0 0.93984375 0.23828125 0.0265625 0.0328125
2 0.465625 0.77890625 0.040625 0.0578125
2 0.36015625 0.5765625 0.0296875 0.05
2 0.32421875 0.53125 0.0421875 0.04375
2 0.6484375 0.55078125 0.028125 0.0578125
2 0.6953125 0.90625 0.046875 0.05
2 0.2703125 0.2859375 0.04375 0.0375
2 0.66796875 0.96953125 0.0515625 0.0390625
2 0.78203125 0.253125 0.0390625 0.046875
2 0.28671875 0.48515625 0.0484375 0.0390625
3 0.865625 0.14921875 0.028125 0.0328125
