0 0.965625 0.13671875 0.034375 0.0328125
0 0.9484375 0.234375 0.0375 0.040625
0 0.83515625 0.1421875 0.0421875 0.0375
0 0.73828125 0.22265625 0.0296875 0.0390625
0 0.6109375 0.23359375 0.034375 0.0390625
0 0.146875 0.171875 0.025 0.034375
0 0.25 0.225 0.03125 0.0375
0 0.421875 0.18671875 0.0375 0.0328125
0 0.353125 0.4234375 0.028125 0.03125
0 0.9359375 0.78671875 0.028125 0.0328125
0 0.9640625 0.915625 0.03125 0.034375
0 0.859375 0.853125 0.0375 0.034375
0 0.8109375 0.853125 0.028125 0.03125
0 0.584375 0.7359375 0.034375 0.028125
0 0.54375 0.75 0.034375 0.028125
0 0.57734375 0.8328125 0.0296875 0.034375
0 0.70234375 0.70390625 0.0359375 0.0359375
1 0.33203125 0.37265625 0.0296875 0.0296875
2 0.2515625 0.2984375 0.034375 0.04375
2 0.41796875 0.66171875 0.0484375 0.0265625
2 0.77265625 0.0578125 0.0578125 0.025
3 0.16875 0.73125 0.04375 0.03125
3 0.1421875 0.49609375 0.0625 0.0546875
3 0.28125 0.54375 0.125 0.128125
3 0.4703125 0.48125 0.13125 0.125
