0 0.553125 0.84375 0.040625 0.034375
0 0.415625 0.8015625 0.03125 0.04375
0 0.6359375 0.6671875 0.0375 0.025
0 0.9375 0.18984375 0.028125 0.0421875
0 0.45625 0.1609375 0.0375 0.034375
0 0.865625 0.6125 0.03125 0.0375
0 0.9859375 0.03125 0.025 0.0375
0 0.87109375 0.0171875 0.0203125 0.028125
0 0.0828125 0.0375 0.03125 0.0375
0 0.83671875 0.30546875 0.0421875 0.0296875
0 0.90859375 0.5515625 0.0359375 0.0375
0 0.98515625 0.603125 0.0265625 0.034375
0 0.8 0.7171875 0.025 0.0375
2 0.86328125 0.9796875 0.0421875 0.034375
2 0.9796875 0.2546875 0.0375 0.0375
2 0.815625 0.15625 0.0375 0.034375
2 0.17265625 0.33203125 0.0359375 0.0390625
2 0.36171875 0.40546875 0.0296875 0.0421875
2 0.428125 0.43125 0.025 0.04375
3 0.66328125 0.446875 0.0140625 0.028125
3 0.24375 0.11015625 0.046875 0.0328125
