0 0.3484375 0.2453125 0.034375 0.028125
0 0.540625 0.053125 0.05 0.04375
0 0.59375 0.528125 0.046875 0.034375
1 0.884375 0.24296875 0.0625 0.0484375
2 0.415625 0.8375 0.05 0.025
2 0.39296875 0.71875 0.0578125 0.021875
2 0.4 0.6265625 0.053125 0.03125
2 0.57734375 0.69375 0.0578125 0.034375
2 0.60546875 0.2921875 0.0328125 0.071875
2 0.6375 0.11875 0.028125 0.053125
2 0.43359375 0.0703125 0.0484375 0.05625
2 0.3640625 0.31015625 0.05 0.0421875
2 0.18125 0.3125 0.05625 0.03125
2 0.171875 0.378125 0.05625 0.040625
2 0.3546875 0.4953125 0.065625 0.034375
2 0.3765625 0.4078125 0.0375 0.05
2 0.23125 0.64375 0.040625 0.046875
2 0.88671875 0.275 0.0484375 0.034375
