0 0.2875 0.878125 0.034375 0.0375
0 0.11796875 0.02890625 0.0390625 0.0328125
0 0.0203125 0.1953125 0.03125 0.04375
0 0.26953125 0.4125 0.0390625 0.040625
0 0.34921875 0.453125 0.0328125 0.05
0 0.209375 0.70234375 0.03125 0.0453125
0 0.353125 0.83984375 0.040625 0.0265625
0 0.390625 0.784375 0.040625 0.025
0 0.41328125 0.7125 0.0265625 0.04375
0 0.203125 0.8578125 0.03125 0.040625
1 0.29140625 0.61015625 0.0234375 0.0265625
2 0.0203125 0.709375 0.0375 0.025
2 0.5 0.6640625 0.034375 0.046875
2 0.1765625 0.659375 0.03125 0.040625
2 0.4046875 0.32578125 0.03125 0.0421875
3 0.1328125 0.26015625 0.03125 0.0421875
