0 0.90078125 0.43125 0.0421875 0.04375
0 0.5875 0.240625 0.0375 0.0375
0 0.1234375 0.303125 0.034375 0.028125
0 0.33515625 0.1578125 0.0390625 0.034375
0 0.93203125 0.66484375 0.0390625 0.0390625
2 0.05078125 0.928125 0.0421875 0.05625
2 0.42890625 0.75625 0.0578125 0.03125
2 0.478125 0.6828125 0.0375 0.0375
2 0.09765625 0.43125 0.0421875 0.05
2 0.259375 0.6203125 0.0375 0.0375
2 0.9875 0.40390625 0.025 0.0328125
2 0.85703125 0.515625 0.0296875 0.05
2 0.37890625 0.225 0.0390625 0.046875
2 0.4515625 0.1078125 0.034375 0.053125
2 0.659375 0.58828125 0.071875 0.0234375
2 0.8921875 0.81171875 0.04375 0.0421875
2 0.16875 0.37109375 0.059375 0.0296875
2 0.334375 0.45625 0.01875 0.046875
2 0.55390625 0.0859375 0.0484375 0.03125
2 0.2921875 0.3640625 0.025 0.04375
2 0.92734375 0.85625 0.0328125 0.053125
2 0.05 0.625 0.05625 0.025
2 0.39453125 0.9578125 0.0421875 0.04375
2 0.984375 0.6875 0.025 0.04375
3 0.5796875 0.16953125 0.0375 0.0171875
3 0.4859375 0.0296875 0.0375 0.028125
3 0.20625 0.83359375 0.01875 0.0359375
