0 0.7015625 0.32265625 0.046875 0.0359375
0 0.0375 0.20859375 0.04375 0.0390625
2 0.040625 0.553125 0.0375 0.053125
2 0.203125 0.55625 0.04375 0.04375
2 0.35859375 0.484375 0.0421875 0.078125
2 0.62578125 0.521875 0.0734375 0.034375
2 0.53203125 0.525 0.0484375 0.046875
2 0.5984375 0.09375 0.0375 0.059375
2 0.85390625 0.0921875 0.0515625 0.046875
2 0.63515625 0.7859375 0.0359375 0.05625
2 0.415625 0.240625 0.053125 0.046875
2 0.3203125 0.03359375 0.059375 0.0421875
2 0.96640625 0.3015625 0.0328125 0.05625
2 0.734375 0.55703125 0.05625 0.0421875
3 0.1859375 0.671875 0.03125 0.0625
