0 0.55 0.1703125 0.028125 0.0375
0 0.746875 0.5921875 0.04375 0.0375
0 0.659375 0.925 0.0375 0.040625
0 0.6578125 0.14296875 0.03125 0.0359375
0 0.521875 0.70234375 0.028125 0.0296875
0 0.5765625 0.7 0.0375 0.025
2 0.45625 0.03828125 0.05 0.0328125
2 0.3671875 0.053125 0.04375 0.025
2 0.39609375 0.10625 0.0359375 0.034375
2 0.40703125 0.20859375 0.0328125 0.0328125
2 0.425 0.275 0.01875 0.05
2 0.1953125 0.284375 0.028125 0.034375
2 0.01796875 0.32109375 0.0328125 0.0515625
2 0.221875 0.60625 0.025 0.05
2 0.7140625 0.77734375 0.028125 0.0421875
2 0.165625 0.896875 0.034375 0.04375
2 0.15078125 0.8546875 0.0359375 0.021875
3 0.20625 0.2078125 0.034375 0.028125
3 0.61875 0.13203125 0.034375 0.0296875
3 0.2078125 0.1390625 0.03125 0.025
3 0.13359375 0.75859375 0.0328125 0.0296875
3 0.18984375 0.81171875 0.0359375 0.0265625
3 0.4265625 0.8265625 0.034375 0.028125
3 0.4828125 0.87890625 0.0375 0.0265625
3 0.88515625 0.8375 0.0265625 0.034375
