0 0.0296875 0.725 0.034375 0.03125
0 0.059375 0.6484375 0.021875 0.03125
0 0.36328125 0.95625 0.0328125 0.025
0 0.3171875 0.725 0.034375 0.03125
0 0.2921875 0.625 0.028125 0.03125
0 0.31796875 0.60390625 0.0234375 0.0328125
0 0.2734375 0.4203125 0.028125 0.025
0 0.53984375 0.7109375 0.0296875 0.028125
0 0.15625 0.0296875 0.0375 0.03125
0 0.0640625 0.0390625 0.034375 0.03125
1 0.4421875 0.93125 0.028125 0.028125
2 0.575 0.678125 0.046875 0.03125
2 0.68828125 0.165625 0.0234375 0.05
2 0.90625 0.5296875 0.053125 0.04375
2 0.821875 0.53125 0.053125 0.028125
3 0.065625 0.44375 0.021875 0.0375
3 0.2296875 0.85 0.025 0.021875
3 0.4484375 0.21875 0.025 0.015625
3 0.7328125 0.66875 0.03125 0.053125
3 0.4546875 0.121875 0.028125 0.0375
3 0.221875 0.175 0.034375 0.0375
3 0.034375 0.36328125 0.028125 0.0328125
3 0.14375 0.48125 0.025 0.03125
3 0.16875 0.77890625 0.028125 0.0328125
3 0.0859375 0.11875 0.028125 0.03125
