0 0.24765625 0.096875 0.0359375 0.03125
0 0.546875 0.07890625 0.034375 0.0359375
0 0.653125 0.034375 0.034375 0.034375
0 0.5484375 0.2984375 0.0375 0.034375
0 0.54296875 0.01484375 0.0203125 0.0265625
0 0.94609375 0.1984375 0.0421875 0.028125
0 0.91953125 0.11484375 0.0359375 0.0265625
0 0.53671875 0.1578125 0.0390625 0.034375
0 0.38828125 0.271875 0.0359375 0.03125
0 0.3578125 0.334375 0.021875 0.0375
0 0.22734375 0.36171875 0.0296875 0.0359375
0 0.2078125 0.40546875 0.040625 0.0234375
0 0.13125 0.29609375 0.025 0.0421875
0 0.1140625 0.0984375 0.028125 0.0375
0 0.5296875 0.72421875 0.040625 0.0328125
0 0.553125 0.48515625 0.021875 0.0390625
0 0.4203125 0.4640625 0.040625 0.021875
0 0.23203125 0.5203125 0.0265625 0.040625
0 0.13671875 0.5640625 0.0265625 0.0375
0 0.171875 0.59375 0.0375 0.025
0 0.81953125 0.66640625 0.0421875 0.0265625
0 0.8921875 0.63984375 0.01875 0.0390625
0 0.96796875 0.62109375 0.0390625 0.0234375
0 0.8375 0.5546875 0.034375 0.034375
0 0.35390625 0.9046875 0.0296875 0.03125
0 0.20390625 0.909375 0.0421875 0.021875
0 0.209375 0.83125 0.0375 0.03125
0 0.19765625 0.77265625 0.0265625 0.0390625
0 0.1328125 0.76484375 0.040625 0.0296875
0 0.2515625 0.75234375 0.040625 0.0203125
0 0.30390625 0.7609375 0.0265625 0.03125
0 0.315625 0.70234375 0.028125 0.0453125
1 0.57890625 0.9828125 0.0296875 0.025
1 0.809375 0.27109375 0.040625 0.0421875
1 0.16171875 0.56484375 0.0234375 0.0265625
2 0.6890625 0.578125 0.025 0.04375
2 0.025 0.834375 0.028125 0.046875
3 0.715625 0.8625 0.040625 0.046875
3 0.86015625 0.26328125 0.0421875 0.0234375
3 0.86953125 0.6265625 0.0265625 0.025
3 0.25625 0.8015625 0.028125 0.034375
