0 0.3625 0.0515625 0.03125 0.025
0 0.575 0.3578125 0.0375 0.028125
0 0.790625 0.62890625 0.040625 0.0328125
0 0.0171875 0.3171875 0.034375 0.034375
0 0.7203125 0.9671875 0.0375 0.03125
0 0.4875 0.8453125 0.034375 0.0375
0 0.38046875 0.2421875 0.0359375 0.03125
0 0.24765625 0.88046875 0.0296875 0.0390625
0 0.21015625 0.85390625 0.0359375 0.0359375
0 0.1109375 0.4921875 0.025 0.0375
0 0.05703125 0.52734375 0.0234375 0.0359375
2 0.34375 0.19375 0.0375 0.040625
2 0.4 0.1671875 0.05 0.034375
2 0.46328125 0.7375 0.0421875 0.040625
2 0.24375 0.46484375 0.0375 0.0421875
2 0.1859375 0.09453125 0.028125 0.0359375
3 0.6546875 0.98828125 0.0375 0.0234375
3 0.03125 0.6125 0.025 0.025
