0 0.75234375 0.903125 0.0359375 0.03125
0 0.453125 0.92109375 0.034375 0.0359375
0 0.346875 0.965625 0.034375 0.034375
0 0.4515625 0.7015625 0.0375 0.034375
0 0.45703125 0.98515625 0.0203125 0.0265625
0 0.05390625 0.8015625 0.0421875 0.028125
0 0.08046875 0.88515625 0.0359375 0.0265625
0 0.46328125 0.8421875 0.0390625 0.034375
0 0.61171875 0.728125 0.0359375 0.03125
0 0.6421875 0.665625 0.021875 0.0375
0 0.77265625 0.63828125 0.0296875 0.0359375
0 0.7921875 0.59453125 0.040625 0.0234375
0 0.86875 0.70390625 0.025 0.0421875
0 0.8859375 0.9015625 0.028125 0.0375
0 0.4703125 0.27578125 0.040625 0.0328125
0 0.446875 0.51484375 0.021875 0.0390625
0 0.5796875 0.5359375 0.040625 0.021875
0 0.76796875 0.4796875 0.0265625 0.040625
0 0.86328125 0.4359375 0.0265625 0.0375
0 0.828125 0.40625 0.0375 0.025
0 0.18046875 0.33359375 0.0421875 0.0265625
0 0.1078125 0.36015625 0.01875 0.0390625
0 0.03203125 0.37890625 0.0390625 0.0234375
0 0.1625 0.4453125 0.034375 0.034375
0 0.64609375 0.0953125 0.0296875 0.03125
0 0.79609375 0.090625 0.0421875 0.021875
0 0.790625 0.16875 0.0375 0.03125
0 0.80234375 0.22734375 0.0265625 0.0390625
0 0.8671875 0.23515625 0.040625 0.0296875
0 0.7484375 0.24765625 0.040625 0.0203125
0 0.69609375 0.2390625 0.0265625 0.03125
0 0.684375 0.29765625 0.028125 0.0453125
1 0.42109375 0.0171875 0.0296875 0.025
1 0.190625 0.72890625 0.040625 0.0421875
1 0.83828125 0.43515625 0.0234375 0.0265625
2 0.3109375 0.421875 0.025 0.04375
2 0.975 0.165625 0.028125 0.046875
3 0.284375 0.1375 0.040625 0.046875
3 0.13984375 0.73671875 0.0421875 0.0234375
3 0.13046875 0.3734375 0.0265625 0.025
3 0.74375 0.1984375 0.028125 0.034375