0 0.378125 0.28671875 0.034375 0.0421875
0 0.48984375 0.95078125 0.0421875 0.0265625
0 0.3421875 0.86796875 0.05 0.0328125
0 0.9765625 0.5109375 0.040625 0.03125
0 0.82265625 0.43515625 0.0359375 0.0421875
0 0.33359375 0.3515625 0.0265625 0.034375
0 0.45234375 0.0515625 0.0421875 0.0375
0 0.253125 0.1046875 0.03125 0.040625
1 0.45859375 0.3625 0.0171875 0.015625
2 0.41796875 0.70390625 0.0515625 0.0390625
2 0.45625 0.625 0.040625 0.040625
2 0.22734375 0.70625 0.0359375 0.05
2 0.84609375 0.14140625 0.0515625 0.0453125
3 0.82734375 0.6953125 0.0265625 0.025
