0 0.290625 0.4875 0.01875 0.03125
0 0.203125 0.5375 0.0375 0.021875
0 0.484375 0.303125 0.0375 0.0375
0 0.2421875 0.2 0.03125 0.025
0 0.4203125 0.015625 0.034375 0.025
1 0.51640625 0.71953125 0.0265625 0.0296875
2 0.7125 0.884375 0.01875 0.05625
2 0.4359375 0.7 0.046875 0.0375
2 0.41015625 0.440625 0.0421875 0.0375
2 0.571875 0.34140625 0.05 0.0203125
2 0.765625 0.1765625 0.04375 0.04375
2 0.178125 0.01328125 0.04375 0.0203125
2 0.03515625 0.69921875 0.0421875 0.0453125
3 0.06875 0.88984375 0.0375 0.0234375
3 0.1125 0.07421875 0.025 0.0171875
3 0.03125 0.38671875 0.03125 0.0171875
3 0.7515625 0.3875 0.028125 0.03125
3 0.3171875 0.98671875 0.03125 0.0203125
3 0.61875 0.315625 0.025 0.040625
3 0.084375 0.45625 0.034375 0.028125
3 0.4203125 0.075 0.03125 0.028125
