0 0.265625 0.740625 0.034375 0.03125
0 0.184375 0.6328125 0.0375 0.0375
0 0.94296875 0.978125 0.0453125 0.028125
0 0.34296875 0.75 0.0421875 0.025
0 0.0765625 0.89296875 0.025 0.0359375
0 0.38359375 0.30390625 0.0421875 0.0234375
2 0.965625 0.784375 0.01875 0.046875
2 0.5453125 0.8390625 0.053125 0.025
2 0.12109375 0.68671875 0.0515625 0.0328125
2 0.0328125 0.478125 0.034375 0.05
2 0.0125 0.8578125 0.021875 0.046875
3 0.1125 0.30859375 0.0375 0.0203125
3 0.4875 0.215625 0.040625 0.028125
3 0.315625 0.3609375 0.0375 0.0375
3 0.1984375 0.484375 0.034375 0.0375
3 0.203125 0.1078125 0.040625 0.028125
3 0.553125 0.534375 0.0375 0.021875
