0 0.4421875 0.22265625 0.03125 0.0359375
2 0.81015625 0.0265625 0.0328125 0.040625
2 0.61796875 0.5 0.0203125 0.05
2 0.1859375 0.6828125 0.04375 0.025
3 0.16875 0.046875 0.025 0.028125
3 0.43984375 0.0203125 0.0234375 0.028125
3 0.63125 0.02421875 0.021875 0.0171875
3 0.8921875 0.275 0.034375 0.028125
3 0.834375 0.409375 0.021875 0.028125
3 0.5140625 0.2921875 0.028125 0.025
3 0.0484375 0.2640625 0.028125 0.021875
3 0.275 0.8984375 0.028125 0.028125
3 0.31875 0.36875 0.028125 0.025
3 0.1875 0.384375 0.025 0.028125
3 0.9765625 0.3578125 0.028125 0.021875
3 0.4796875 0.69765625 0.03125 0.0234375