0 0.8484375 0.090625 0.0375 0.021875
0 0.82578125 0.2078125 0.0421875 0.040625
0 0.603125 0.2484375 0.025 0.0375
0 0.9875 0.315625 0.025 0.028125
0 0.91875 0.8140625 0.040625 0.0375
0 0.8203125 0.784375 0.04375 0.0375
0 0.88203125 0.884375 0.0421875 0.040625
0 0.24140625 0.4234375 0.0421875 0.03125
0 0.9703125 0.49140625 0.04375 0.0359375
1 0.8703125 0.61640625 0.034375 0.0390625
2 0.87734375 0.271875 0.0296875 0.046875
2 0.59375 0.3 0.059375 0.025
2 0.321875 0.51875 0.0375 0.034375
2 0.4203125 0.7515625 0.0375 0.034375
2 0.525 0.7515625 0.053125 0.025
2 0.090625 0.175 0.046875 0.034375
3 0.74453125 0.0578125 0.0890625 0.028125
