0 0.378125 0.02109375 0.034375 0.0234375
0 0.9875 0.11875 0.025 0.0375
0 0.915625 0.1359375 0.034375 0.028125
0 0.95625 0.1890625 0.025 0.0375
0 0.7390625 0.14296875 0.034375 0.0328125
0 0.80078125 0.2703125 0.0234375 0.034375
0 0.85 0.334375 0.034375 0.028125
0 0.740625 0.6 0.034375 0.03125
0 0.88125 0.75625 0.034375 0.034375
0 0.8609375 0.8 0.0375 0.0375
0 0.15390625 0.4671875 0.0234375 0.03125
0 0.8453125 0.875 0.034375 0.034375
0 0.796875 0.8765625 0.028125 0.0375
0 0.9 0.896875 0.034375 0.03125
0 0.8265625 0.9375 0.025 0.03125
0 0.15859375 0.42578125 0.0171875 0.0328125
0 0.46640625 0.83828125 0.0296875 0.0421875
0 0.71796875 0.26796875 0.0390625 0.0296875
0 0.2515625 0.93828125 0.01875 0.0328125
1 0.03828125 0.46484375 0.0234375 0.0328125
2 0.065625 0.065625 0.034375 0.025
2 0.6890625 0.1984375 0.04375 0.028125
2 0.16953125 0.50390625 0.0390625 0.0390625
2 0.7 0.825 0.034375 0.0375
2 0.7578125 0.96484375 0.03125 0.0328125
2 0.35703125 0.7875 0.0203125 0.04375
2 0.31015625 0.8921875 0.0328125 0.040625
3 0.359375 0.1046875 0.03125 0.028125
3 0.43125 0.1921875 0.028125 0.028125
3 0.53203125 0.1828125 0.0203125 0.028125
3 0.49140625 0.1515625 0.0203125 0.0375
3 0.103125 0.203125 0.025 0.021875
3 0.3890625 0.57421875 0.21875 0.2015625
3 0.825 0.63046875 0.115625 0.1015625
3 0.9671875 0.5671875 0.065625 0.075
3 0.04609375 0.971875 0.0171875 0.03125
3 0.18203125 0.2140625 0.0296875 0.03125
3 0.0109375 0.88515625 0.015625 0.0328125
3 0.14140625 0.2328125 0.0265625 0.028125
3 0.0609375 0.15390625 0.025 0.0296875
