0 0.965625 0.7515625 0.03125 0.0375
0 0.70703125 0.91875 0.0328125 0.03125
0 0.1390625 0.78125 0.0375 0.025
0 0.4625 0.071875 0.0375 0.034375
0 0.65 0.084375 0.03125 0.028125
0 0.70390625 0.11953125 0.0234375 0.0421875
0 0.946875 0.31484375 0.025 0.0421875
0 0.70390625 0.37578125 0.0328125 0.0421875
0 0.95234375 0.85234375 0.0296875 0.0421875
0 0.98046875 0.6578125 0.0390625 0.021875
0 0.92421875 0.60078125 0.0390625 0.0296875
0 0.3890625 0.5578125 0.0375 0.040625
0 0.23203125 0.409375 0.0421875 0.03125
0 0.4984375 0.33828125 0.040625 0.0234375
0 0.290625 0.22421875 0.0375 0.0359375
0 0.121875 0.04921875 0.03125 0.0359375
0 0.221875 0.0359375 0.040625 0.03125
0 0.296875 0.0421875 0.028125 0.040625
0 0.20234375 0.17578125 0.0171875 0.0359375
2 0.353125 0.0796875 0.025 0.04375
2 0.18984375 0.965625 0.0140625 0.028125
2 0.85390625 0.1375 0.0421875 0.03125
2 0.6390625 0.61953125 0.0375 0.0265625
3 0.95 0.0609375 0.0375 0.025
3 0.19453125 0.94375 0.0328125 0.015625
3 0.53125 0.0921875 0.025 0.05
3 0.75546875 0.14375 0.0390625 0.03125
