0 0.41484375 0.25625 0.0421875 0.034375
0 0.91796875 0.40625 0.0203125 0.03125
0 0.83046875 0.3375 0.0328125 0.034375
0 0.615625 0.80859375 0.0375 0.0328125
0 0.87265625 0.77421875 0.0421875 0.0265625
0 0.9265625 0.8234375 0.034375 0.034375
0 0.73984375 0.22421875 0.0296875 0.0515625
0 0.96171875 0.834375 0.0328125 0.0375
0 0.88046875 0.890625 0.0390625 0.021875
0 0.51015625 0.70546875 0.0390625 0.0390625
0 0.1578125 0.9015625 0.03125 0.040625
0 0.596875 0.26796875 0.040625 0.0359375
0 0.35390625 0.2046875 0.0390625 0.03125
0 0.0796875 0.071875 0.034375 0.040625
1 0.759375 0.44609375 0.021875 0.0203125
2 0.06875 0.48125 0.034375 0.040625
2 0.021875 0.634375 0.034375 0.04375
2 0.909375 0.3640625 0.0375 0.034375
2 0.8234375 0.128125 0.0375 0.0375
2 0.65234375 0.509375 0.0203125 0.05
2 0.26796875 0.103125 0.0296875 0.034375
3 0.478125 0.02109375 0.03125 0.0421875
3 0.778125 0.3109375 0.034375 0.025
3 0.68125 0.6828125 0.0375 0.034375
3 0.634375 0.215625 0.0375 0.028125
3 0.85625 0.94921875 0.090625 0.0859375
3 0.5296875 0.60546875 0.08125 0.0921875
3 0.8609375 0.05 0.05 0.028125
3 0.27578125 0.14609375 0.0328125 0.0421875