0 0.58515625 0.25625 0.0421875 0.034375
0 0.08203125 0.40625 0.0203125 0.03125
0 0.16953125 0.3375 0.0328125 0.034375
0 0.384375 0.80859375 0.0375 0.0328125
0 0.12734375 0.77421875 0.0421875 0.0265625
0 0.0734375 0.8234375 0.034375 0.034375
0 0.26015625 0.22421875 0.0296875 0.0515625
0 0.03828125 0.834375 0.0328125 0.0375
0 0.11953125 0.890625 0.0390625 0.021875
0 0.48984375 0.70546875 0.0390625 0.0390625
0 0.8421875 0.9015625 0.03125 0.040625
0 0.403125 0.26796875 0.040625 0.0359375
0 0.64609375 0.2046875 0.0390625 0.03125
0 0.9203125 0.071875 0.034375 0.040625
1 0.240625 0.44609375 0.021875 0.0203125
2 0.93125 0.48125 0.034375 0.040625
2 0.978125 0.634375 0.034375 0.04375
2 0.090625 0.3640625 0.0375 0.034375
2 0.1765625 0.128125 0.0375 0.0375
2 0.34765625 0.509375 0.0203125 0.05
2 0.73203125 0.103125 0.0296875 0.034375
3 0.521875 0.02109375 0.03125 0.0421875
3 0.221875 0.3109375 0.034375 0.025
3 0.31875 0.6828125 0.0375 0.034375
3 0.365625 0.215625 0.0375 0.028125
3 0.14375 0.94921875 0.090625 0.0859375
3 0.4703125 0.60546875 0.08125 0.0921875
3 0.1390625 0.05 0.05 0.028125
3 0.72421875 0.14609375 0.0328125 0.0421875
