0 0.2 0.959375 0.040625 0.0375
0 0.3 0.3953125 0.028125 0.04375
0 0.640625 0.5921875 0.0375 0.0375
0 0.79375 0.7234375 0.040625 0.0375
0 0.8703125 0.50625 0.03125 0.0375
0 0.9375 0.2484375 0.0375 0.03125
0 0.7125 0.334375 0.040625 0.034375
0 0.746875 0.7703125 0.046875 0.034375
1 0.8671875 0.19375 0.0375 0.040625
2 0.353125 0.35625 0.040625 0.053125
2 0.9046875 0.696875 0.053125 0.025
2 0.6390625 0.259375 0.025 0.05
2 0.68125 0.26015625 0.028125 0.0484375
2 0.71875 0.053125 0.059375 0.03125
3 0.0375 0.371875 0.034375 0.034375
