0 0.41484375 0.25625 0.0421875 0.034375
0 0.91796875 0.40625 0.0203125 0.03125
0 0.83125 0.33671875 0.034375 0.0328125
0 0.615625 0.80859375 0.0375 0.0328125
0 0.875 0.7734375 0.0375 0.025
0 0.9265625 0.8234375 0.034375 0.034375
0 0.7359375 0.221875 0.034375 0.04375
1 0.75390625 0.44609375 0.0234375 0.0234375
1 0.346875 0.73359375 0.021875 0.0234375
1 0.2828125 0.21484375 0.009375 0.0140625
1 0.25 0.7578125 0.0125 0.009375
1 0.0625 0.82421875 0.0125 0.0140625
1 0.5703125 0.715625 0.0125 0.0125
1 0.62109375 0.88046875 0.0140625 0.0140625
1 0.73515625 0.7875 0.0140625 0.015625
1 0.8921875 0.73359375 0.015625 0.0140625
1 0.8765625 0.56796875 0.009375 0.0140625
1 0.55546875 0.28515625 0.0140625 0.0140625
1 0.671875 0.246875 0.015625 0.015625
1 0.24140625 0.01875 0.0140625 0.015625
1 0.0890625 0.7578125 0.015625 0.015625
2 0.2671875 0.0984375 0.034375 0.034375
2 0.06875 0.48125 0.034375 0.040625
2 0.021875 0.634375 0.034375 0.04375
2 0.909375 0.3640625 0.0375 0.034375
2 0.8234375 0.128125 0.0375 0.0375
2 0.65234375 0.509375 0.0203125 0.05
2 0.5953125 0.26875 0.034375 0.028125
2 0.9609375 0.834375 0.03125 0.034375
2 0.88125 0.8875 0.0375 0.03125
2 0.1546875 0.9 0.025 0.040625
2 0.5078125 0.98984375 0.0375 0.0140625
2 0.078125 0.07265625 0.028125 0.0421875
2 0.35625 0.2046875 0.0375 0.028125
2 0.509375 0.7046875 0.0375 0.0375
3 0.2734375 0.1453125 0.028125 0.040625
3 0.478125 0.02109375 0.03125 0.0421875
3 0.778125 0.3109375 0.034375 0.025
3 0.68125 0.6828125 0.0375 0.034375
3 0.634375 0.215625 0.0375 0.028125
3 0.85625 0.94921875 0.090625 0.0859375
3 0.5296875 0.60546875 0.08125 0.0921875
3 0.8609375 0.05 0.05 0.028125
4 0.98515625 0.55859375 0.0265625 0.0390625
4 0.0046875 0.3 0.009375 0.021875