0 0.7125 0.121875 0.034375 0.0375
0 0.790625 0.29375 0.028125 0.04375
1 0.70703125 0.390625 0.0234375 0.021875
1 0.31328125 0.6421875 0.0171875 0.01875
1 0.28125 0.68828125 0.0125 0.0171875
1 0.94609375 0.96640625 0.0171875 0.0171875
1 0.94765625 0.9421875 0.0171875 0.0125
1 0.6171875 0.75078125 0.01875 0.0171875
1 0.66796875 0.684375 0.0140625 0.0125
1 0.7828125 0.63125 0.015625 0.01875
1 0.875 0.53984375 0.01875 0.0234375
1 0.41796875 0.65390625 0.0140625 0.0140625
1 0.1171875 0.15078125 0.0125 0.0140625
1 0.14375 0.225 0.015625 0.01875
1 0.89609375 0.1546875 0.0140625 0.015625
1 0.34453125 0.90390625 0.0140625 0.0140625
1 0.17109375 0.653125 0.0109375 0.0125
1 0.78125 0.17890625 0.015625 0.0140625
1 0.84921875 0.0328125 0.0140625 0.01875
2 0.9796875 0.290625 0.0375 0.025
2 0.5 0.3359375 0.034375 0.046875
2 0.8234375 0.340625 0.03125 0.040625
2 0.5953125 0.67421875 0.03125 0.0421875
2 0.584375 0.28671875 0.025 0.0421875
2 0.60859375 0.21484375 0.0484375 0.0203125
2 0.646875 0.1609375 0.04375 0.028125
2 0.796875 0.140625 0.03125 0.04375
2 0.978125 0.8046875 0.03125 0.04375
2 0.6515625 0.54921875 0.025 0.0421875
2 0.7328125 0.58671875 0.034375 0.0328125
2 0.88125 0.97109375 0.040625 0.0328125
3 0.8671875 0.73984375 0.03125 0.0421875