0 0.13125 0.371875 0.025 0.021875
0 0.1796875 0.3296875 0.0375 0.025
0 0.765625 0.478125 0.03125 0.0375
0 0.7515625 0.9 0.034375 0.025
0 0.45 0.9203125 0.028125 0.034375
0 0.346875 0.965625 0.034375 0.034375
0 0.6953125 0.23671875 0.0375 0.0328125
0 0.4515625 0.7015625 0.0375 0.034375
0 0.45703125 0.98515625 0.0203125 0.0265625
1 0.4203125 0.01171875 0.01875 0.0203125
1 0.6890625 0.6609375 0.0375 0.03125
1 0.38359375 0.03125 0.0171875 0.01875
1 0.5421875 0.3765625 0.0125 0.0125
1 0.190625 0.7265625 0.046875 0.046875
1 0.8390625 0.4375 0.021875 0.025
1 0.07421875 0.640625 0.0171875 0.0125
1 0.83671875 0.8515625 0.0171875 0.0125
1 0.97421875 0.99296875 0.0171875 0.0140625
1 0.0109375 0.75 0.015625 0.015625
1 0.0125 0.49296875 0.0125 0.0171875
1 0.03359375 0.1453125 0.0140625 0.015625
2 0.3109375 0.421875 0.025 0.04375
2 0.771875 0.6375 0.028125 0.034375
2 0.46796875 0.275 0.0421875 0.03125
2 0.64296875 0.096875 0.0328125 0.03125
2 0.79609375 0.090625 0.0421875 0.025
2 0.790625 0.16875 0.0375 0.028125
2 0.8 0.225 0.03125 0.05
2 0.746875 0.2015625 0.03125 0.0375
2 0.746875 0.2484375 0.046875 0.021875
2 0.8265625 0.40625 0.0375 0.028125
2 0.8640625 0.434375 0.025 0.0375
2 0.10625 0.3578125 0.025 0.040625
2 0.165625 0.45 0.040625 0.040625
2 0.03359375 0.3796875 0.0421875 0.025
2 0.446875 0.5125 0.025 0.046875
2 0.578125 0.534375 0.04375 0.028125
2 0.87109375 0.7 0.0328125 0.046875
2 0.884375 0.8984375 0.034375 0.0375
2 0.05234375 0.8 0.0421875 0.025
2 0.08125 0.8828125 0.0375 0.034375
2 0.4640625 0.840625 0.03125 0.028125
2 0.609375 0.73125 0.0375 0.03125
2 0.7875 0.59375 0.04375 0.025
2 0.8671875 0.2359375 0.0375 0.025
2 0.975 0.165625 0.028125 0.046875
2 0.68671875 0.2953125 0.0234375 0.04375
3 0.6375 0.6625 0.01875 0.034375
3 0.1390625 0.734375 0.0375 0.025
3 0.284375 0.1375 0.040625 0.046875
4 0.63203125 0.9796875 0.0546875 0.040625
4 0.0671875 0.99296875 0.015625 0.0109375
4 0.50625 0.00625 0.034375 0.009375