0 0.7046875 0.04921875 0.028125 0.0484375
0 0.7578125 0.096875 0.0375 0.034375
0 0.8078125 0.07578125 0.034375 0.0328125
0 0.4546875 0.6734375 0.03125 0.0375
1 0.6375 0.0609375 0.028125 0.028125
1 0.828125 0.653125 0.0375 0.03125
1 0.615625 0.31875 0.0125 0.0125
1 0.43125 0.38046875 0.01875 0.0171875
1 0.675 0.9109375 0.01875 0.0125
1 0.8875 0.6671875 0.0125 0.0125
1 0.8578125 0.83359375 0.009375 0.0140625
1 0.41875 0.015625 0.0125 0.0125
1 0.48046875 0.121875 0.0140625 0.0125
1 0.4734375 0.12890625 0.0125 0.0109375
1 0.31328125 0.39765625 0.0171875 0.0171875
1 0.42890625 0.55703125 0.0140625 0.0171875
1 0.54609375 0.60390625 0.0140625 0.0140625
1 0.6796875 0.2421875 0.009375 0.0125
2 0.6125 0.04375 0.034375 0.034375
2 0.871875 0.290625 0.021875 0.040625
2 0.771875 0.246875 0.028125 0.0375
2 0.7828125 0.3171875 0.034375 0.0375
3 0.98125 0.78125 0.03125 0.046875