0 0.034375 0.7515625 0.03125 0.0375
0 0.29296875 0.91875 0.0328125 0.03125
0 0.8609375 0.78125 0.0375 0.025
0 0.5375 0.071875 0.0375 0.034375
0 0.35 0.084375 0.03125 0.028125
1 0.11796875 0.1796875 0.0234375 0.021875
1 0.05625 0.934375 0.009375 0.009375
1 0.221875 0.98828125 0.009375 0.0109375
1 0.35703125 0.98125 0.0109375 0.0125
1 0.159375 0.896875 0.009375 0.0125
1 0.128125 0.90390625 0.0125 0.0109375
1 0.14921875 0.84765625 0.0171875 0.0140625
1 0.19375 0.83671875 0.009375 0.0140625
1 0.21484375 0.85234375 0.0109375 0.0140625
1 0.259375 0.81484375 0.0125 0.0140625
1 0.071875 0.81875 0.0125 0.0125
1 0.3609375 0.77421875 0.01875 0.0171875
1 0.6859375 0.734375 0.0125 0.015625
1 0.70859375 0.725 0.0109375 0.015625
1 0.95625 0.90234375 0.0125 0.0140625
1 0.82890625 0.9 0.0140625 0.0125
1 0.628125 0.8625 0.015625 0.015625
1 0.82578125 0.528125 0.0140625 0.0125
1 0.94375 0.453125 0.0125 0.015625
1 0.9625 0.48984375 0.009375 0.0109375
1 0.94140625 0.39140625 0.0109375 0.0109375
1 0.86484375 0.17734375 0.0140625 0.0140625
1 0.76328125 0.259375 0.0109375 0.015625
1 0.7 0.10078125 0.015625 0.0234375
1 0.70703125 0.15 0.0140625 0.015625
1 0.609375 0.17109375 0.015625 0.0140625
1 0.621875 0.1546875 0.015625 0.0125
1 0.54921875 0.346875 0.0171875 0.01875
1 0.59375 0.4078125 0.015625 0.015625
1 0.653125 0.4296875 0.015625 0.015625
1 0.5703125 0.2296875 0.015625 0.015625
1 0.14375 0.22265625 0.015625 0.0171875
1 0.06953125 0.125 0.0171875 0.01875
1 0.1046875 0.1515625 0.015625 0.015625
1 0.18203125 0.503125 0.0109375 0.015625
2 0.646875 0.0796875 0.025 0.04375
2 0.0484375 0.853125 0.025 0.040625
2 0.81015625 0.965625 0.0140625 0.028125
2 0.76875 0.40625 0.0375 0.025
2 0.7984375 0.175 0.01875 0.034375
2 0.7046875 0.221875 0.034375 0.025
2 0.3609375 0.61875 0.034375 0.028125
2 0.29375 0.1171875 0.028125 0.046875
2 0.7015625 0.0421875 0.034375 0.040625
2 0.775 0.034375 0.04375 0.034375
2 0.875 0.046875 0.034375 0.04375
2 0.05 0.3171875 0.03125 0.04375
2 0.5 0.3390625 0.046875 0.025
2 0.14609375 0.1359375 0.0421875 0.028125
2 0.021875 0.6546875 0.04375 0.021875
2 0.0765625 0.6015625 0.040625 0.028125
2 0.60625 0.5546875 0.04375 0.0375
3 0.05 0.0609375 0.0375 0.025
3 0.80546875 0.94375 0.0328125 0.015625
3 0.7421875 0.1234375 0.04375 0.040625
3 0.46875 0.0921875 0.025 0.05
3 0.24296875 0.146875 0.0421875 0.028125
3 0.2953125 0.3734375 0.028125 0.040625
4 0.98828125 0.290625 0.0171875 0.0375
4 0.99375 0.4875 0.009375 0.028125
4 0.67734375 0.99375 0.0203125 0.0125