0 0.446875 0.15625 0.040625 0.034375
0 0.584375 0.1953125 0.03125 0.0375
0 0.3640625 0.3328125 0.0375 0.025
0 0.0625 0.81015625 0.028125 0.0421875
0 0.125 0.98125 0.025 0.034375
0 0.54375 0.8390625 0.0375 0.034375
0 0.134375 0.3875 0.03125 0.0375
1 0.009375 0.80859375 0.015625 0.0171875
1 0.66484375 0.04296875 0.0140625 0.0171875
1 0.8671875 0.29609375 0.015625 0.0140625
1 0.790625 0.325 0.0125 0.0125
1 0.87109375 0.38359375 0.0140625 0.0109375
1 0.73046875 0.36640625 0.0140625 0.0140625
1 0.61875 0.16015625 0.009375 0.0109375
1 0.3796875 0.2609375 0.0125 0.0125
1 0.309375 0.24375 0.0125 0.0125
1 0.2921875 0.5125 0.0125 0.015625
1 0.08515625 0.60078125 0.0109375 0.0203125
1 0.66015625 0.86796875 0.0109375 0.0109375
1 0.54609375 0.759375 0.0140625 0.015625
1 0.56171875 0.70546875 0.0140625 0.0140625
1 0.6171875 0.70390625 0.009375 0.0109375
1 0.6203125 0.75390625 0.009375 0.0109375
1 0.771875 0.73203125 0.0125 0.0109375
1 0.865625 0.7234375 0.009375 0.0125
1 0.87734375 0.95625 0.0171875 0.01875
1 0.60625 0.603125 0.0125 0.0125
2 0.13671875 0.0203125 0.0421875 0.034375
2 0.0203125 0.7453125 0.0375 0.0375
2 0.184375 0.84375 0.0375 0.034375
2 0.57109375 0.571875 0.0234375 0.04375
2 0.63671875 0.590625 0.0203125 0.040625
2 0.82578125 0.66875 0.0328125 0.040625
2 0.9171875 0.9640625 0.028125 0.04375
2 0.01484375 0.3984375 0.0328125 0.04375
2 0.090625 0.44921875 0.0375 0.0421875
2 0.19921875 0.284375 0.0234375 0.04375
2 0.0125 0.9671875 0.025 0.0375
2 0.15859375 0.69375 0.0484375 0.028125
3 0.33671875 0.553125 0.0140625 0.028125
3 0.75625 0.88984375 0.046875 0.0328125
4 0.00625 0.55234375 0.0125 0.0234375