0 0.746875 0.815625 0.025 0.034375
0 0.8546875 0.83125 0.0375 0.025
0 0.45 0.609375 0.034375 0.0375
0 0.06171875 0.5484375 0.0234375 0.021875
0 0.378125 0.125 0.034375 0.0375
1 0.7453125 0.0734375 0.034375 0.0375
1 0.859375 0.7578125 0.009375 0.009375
1 0.3703125 0.6359375 0.015625 0.01875
1 0.56015625 0.5265625 0.0171875 0.015625
1 0.78828125 0.61015625 0.0203125 0.0171875
1 0.6734375 0.503125 0.0125 0.0125
1 0.31953125 0.46171875 0.0171875 0.0140625
1 0.3703125 0.046875 0.0125 0.0125
1 0.84609375 0.17578125 0.0109375 0.0140625
2 0.89375 0.0484375 0.021875 0.046875
2 0.83125 0.74375 0.015625 0.040625
2 0.1875 0.1875 0.040625 0.040625
2 0.390625 0.809375 0.028125 0.04375
2 0.1328125 0.246875 0.053125 0.025
2 0.3296875 0.39375 0.03125 0.0375
2 0.40625 0.5 0.034375 0.028125
2 0.4734375 0.321875 0.034375 0.034375
2 0.39375 0.265625 0.05625 0.040625
2 0.675 0.1765625 0.040625 0.025
2 0.871875 0.10625 0.021875 0.040625
2 0.44375 0.8015625 0.04375 0.028125
2 0.90390625 0.69375 0.0328125 0.046875
2 0.94375 0.48671875 0.040625 0.0328125
3 0.9953125 0.6546875 0.00625 0.0375
4 0.45 0.00546875 0.025 0.0109375
4 0.62578125 0.00859375 0.0328125 0.0140625
4 0.06015625 0.01484375 0.0328125 0.0296875