0 0.9484375 0.3625 0.025 0.03125
0 0.6421875 0.575 0.028125 0.0375
0 0.37109375 0.790625 0.0328125 0.040625
0 0.25859375 0.4625 0.0421875 0.04375
0 0.534375 0.24375 0.053125 0.0375
0 0.90390625 0.1859375 0.0421875 0.03125
0 0.6828125 0.0171875 0.034375 0.034375
1 0.15546875 0.31171875 0.0203125 0.0171875
1 0.18984375 0.8578125 0.0203125 0.01875
1 0.33359375 0.80859375 0.0203125 0.0171875
1 0.20625 0.6921875 0.015625 0.015625
1 0.5421875 0.521875 0.009375 0.015625
1 0.6328125 0.4453125 0.0125 0.015625
1 0.5734375 0.46171875 0.025 0.0234375
1 0.7984375 0.1359375 0.0125 0.0125
1 0.80546875 0.10703125 0.0140625 0.0140625
1 0.88515625 0.2234375 0.0140625 0.015625
1 0.46640625 0.24296875 0.0109375 0.0171875
1 0.359375 0.31875 0.015625 0.015625
1 0.33828125 0.29375 0.0109375 0.015625
1 0.396875 0.26796875 0.0125 0.0140625
1 0.20859375 0.16796875 0.0140625 0.0140625
1 0.2484375 0.184375 0.015625 0.015625
1 0.31015625 0.109375 0.0171875 0.015625
1 0.4390625 0.10546875 0.0125 0.0109375
1 0.546875 0.1578125 0.01875 0.015625
1 0.68984375 0.165625 0.0171875 0.01875
1 0.11953125 0.059375 0.0140625 0.015625
2 0.1453125 0.2078125 0.03125 0.034375
2 0.80625 0.34375 0.040625 0.0375
2 0.153125 0.48671875 0.0375 0.0328125
2 0.034375 0.7203125 0.0375 0.034375
2 0.75625 0.378125 0.034375 0.040625
2 0.11875 0.2484375 0.0375 0.03125
2 0.8328125 0.4 0.034375 0.05
2 0.990625 0.30625 0.015625 0.028125
2 0.4734375 0.059375 0.040625 0.025
2 0.5109375 0.11171875 0.040625 0.0328125
3 0.01171875 0.6546875 0.0234375 0.0375
3 0.3875 0.03125 0.025 0.025