0 0.809375 0.76875 0.03125 0.04375
1 0.1453125 0.98828125 0.0125 0.0140625
1 0.653125 0.9453125 0.021875 0.021875
1 0.6140625 0.79296875 0.015625 0.0171875
1 0.47578125 0.8203125 0.0171875 0.015625
1 0.04375 0.7921875 0.015625 0.015625
1 0.08359375 0.7671875 0.0171875 0.015625
1 0.1203125 0.7328125 0.0125 0.015625
1 0.19140625 0.9421875 0.0140625 0.015625
1 0.26484375 0.878125 0.0109375 0.0125
1 0.2890625 0.98984375 0.015625 0.0171875
1 0.34296875 0.98125 0.0140625 0.015625
1 0.7625 0.5421875 0.015625 0.01875
1 0.1046875 0.303125 0.015625 0.015625
1 0.50546875 0.54375 0.0140625 0.015625
1 0.64453125 0.63203125 0.0140625 0.0140625
1 0.94296875 0.69296875 0.0140625 0.0171875
2 0.5703125 0.7765625 0.025 0.0375
2 0.3203125 0.62109375 0.04375 0.0234375
2 0.95625 0.96875 0.03125 0.0375
3 0.5796875 0.453125 0.028125 0.0375
3 0.73125 0.5234375 0.040625 0.0375
3 0.05 0.47734375 0.025 0.0171875
3 0.1203125 0.45234375 0.025 0.0203125
3 0.24375 0.54375 0.021875 0.015625
3 0.1421875 0.940625 0.028125 0.040625
3 0.478125 0.9953125 0.03125 0.003125