1 0.10625 0.528125 0.015625 0.015625
1 0.28984375 0.125 0.0171875 0.015625
1 0.6734375 0.134375 0.01875 0.01875
1 0.3328125 0.3375 0.01875 0.01875
1 0.4375 0.28671875 0.015625 0.0140625
1 0.5703125 0.225 0.0125 0.015625
1 0.00625 0.18671875 0.0125 0.0171875
1 0.53984375 0.85234375 0.0203125 0.0234375
1 0.11171875 0.8828125 0.0296875 0.021875
2 0.61796875 0.009375 0.0171875 0.01875
2 0.81015625 0.025 0.0328125 0.0375
2 0.98828125 0.0140625 0.0171875 0.028125
2 0.61796875 0.5 0.0203125 0.05
2 0.1859375 0.6828125 0.04375 0.025
3 0.16875 0.046875 0.025 0.028125
3 0.43984375 0.0203125 0.0234375 0.028125
3 0.63125 0.02421875 0.021875 0.0171875
3 0.43984375 0.221875 0.0203125 0.034375
3 0.8921875 0.275 0.034375 0.028125
3 0.834375 0.409375 0.021875 0.028125
3 0.5140625 0.2921875 0.028125 0.025
3 0.0484375 0.2640625 0.028125 0.021875
3 0.475 0.69375 0.028125 0.01875
3 0.275 0.8984375 0.028125 0.028125
3 0.31875 0.36875 0.028125 0.025
3 0.1875 0.384375 0.025 0.028125
3 0.9765625 0.3578125 0.028125 0.021875
4 0.57890625 0.01015625 0.0515625 0.0171875