0 0.27204585537918874 0.28621031746031744 0.012345679012345678 0.00496031746031746
0 0.2105379188712522 0.3732638888888889 0.012786596119929453 0.005952380952380952
0 0.3115079365079365 0.40749007936507936 0.013668430335097001 0.006944444444444444
0 0.30158730158730157 0.37103174603174605 0.010582010582010581 0.005456349206349206
0 0.3994708994708995 0.4381200396825397 0.01146384479717813 0.006200396825396825
0 0.47023809523809523 0.45089285714285715 0.009259259259259259 0.005952380952380952
0 0.7328042328042328 0.45200892857142855 0.014991181657848324 0.005704365079365079
0 0.6472663139329806 0.4224950396825397 0.01146384479717813 0.004712301587301587
0 0.35207231040564374 0.5220734126984127 0.011904761904761904 0.006448412698412698
0 0.373015873015873 0.5474950396825397 0.012345679012345678 0.006200396825396825
0 0.4764109347442681 0.5843253968253969 0.011904761904761904 0.006944444444444444
0 0.5169753086419753 0.5574156746031746 0.011904761904761904 0.007192460317460317
0 0.375 0.5808531746031746 0.011022927689594356 0.006944444444444444
0 0.5714285714285714 0.6530257936507936 0.008818342151675485 0.005952380952380952
0 0.25132275132275134 0.5515873015873016 0.01763668430335097 0.006448412698412698
0 0.529320987654321 0.42819940476190477 0.00837742504409171 0.004712301587301587
1 0.28505291005291006 0.2330109126984127 0.006613756613756613 0.003720238095238095
1 0.22244268077601412 0.4273313492063492 0.013668430335097001 0.008432539682539682
1 0.8639770723104057 0.3933531746031746 0.010141093474426807 0.005456349206349206
1 0.15961199294532627 0.5053323412698413 0.013227513227513227 0.007688492063492063
1 0.19797178130511464 0.498015873015873 0.008818342151675485 0.00496031746031746
1 0.14307760141093476 0.5734126984126984 0.009259259259259259 0.005952380952380952
2 0.416005291005291 0.28112599206349204 0.006613756613756613 0.00818452380952381
2 0.5901675485008818 0.29699900793650796 0.012786596119929453 0.005704365079365079
2 0.5363756613756614 0.3148561507936508 0.013668430335097001 0.005208333333333333
2 0.7497795414462081 0.31138392857142855 0.018077601410934743 0.004216269841269841
2 0.17680776014109348 0.32800099206349204 0.012345679012345678 0.006200396825396825
2 0.24272486772486773 0.32415674603174605 0.01455026455026455 0.004464285714285714
2 0.20436507936507936 0.33544146825396826 0.012786596119929453 0.007688492063492063
2 0.22111992945326278 0.34486607142857145 0.01455026455026455 0.005704365079365079
2 0.25286596119929455 0.3509424603174603 0.015432098765432098 0.006944444444444444
2 0.3031305114638448 0.34077380952380953 0.00837742504409171 0.008928571428571428
2 0.3132716049382716 0.3470982142857143 0.012786596119929453 0.006696428571428571
2 0.26697530864197533 0.35949900793650796 0.018077601410934743 0.005208333333333333
2 0.18033509700176367 0.35751488095238093 0.014991181657848324 0.006696428571428571
2 0.25462962962962965 0.3942212301587302 0.01455026455026455 0.010168650793650794
2 0.2837301587301587 0.41220238095238093 0.013668430335097001 0.006448412698412698
2 0.32253086419753085 0.3947172619047619 0.010141093474426807 0.009672619047619048
2 0.2140652557319224 0.42646329365079366 0.00837742504409171 0.007192460317460317
2 0.2861552028218695 0.3661954365079365 0.009700176366843033 0.009176587301587302
2 0.3787477954144621 0.38268849206349204 0.02204585537918871 0.00496031746031746
2 0.4437830687830688 0.3556547619047619 0.016313932980599646 0.004464285714285714
2 0.49206349206349204 0.3773561507936508 0.013227513227513227 0.00818452380952381
2 0.45282186948853614 0.3240327380952381 0.012345679012345678 0.007192460317460317
2 0.5509259259259259 0.3288690476190476 0.01455026455026455 0.010416666666666666
2 0.5511463844797179 0.376984126984127 0.015873015873015872 0.00496031746031746
2 0.5370370370370371 0.40811011904761907 0.01146384479717813 0.00818452380952381
2 0.47001763668430335 0.4035218253968254 0.007936507936507936 0.008432539682539682
2 0.48192239858906527 0.41865079365079366 0.010582010582010581 0.007936507936507936
2 0.517636684303351 0.41728670634920634 0.014991181657848324 0.005208333333333333
2 0.4574514991181658 0.44035218253968256 0.011904761904761904 0.007688492063492063
2 0.43738977072310403 0.45907738095238093 0.010582010582010581 0.010416666666666666
2 0.4078483245149912 0.4623015873015873 0.014109347442680775 0.005456349206349206
2 0.429673721340388 0.3680555555555556 0.011904761904761904 0.006944444444444444
2 0.5063932980599647 0.34362599206349204 0.007495590828924162 0.006200396825396825
2 0.5714285714285714 0.33544146825396826 0.01763668430335097 0.004712301587301587
2 0.597663139329806 0.35553075396825395 0.016313932980599646 0.007688492063492063
2 0.6369047619047619 0.3599950396825397 0.016313932980599646 0.004712301587301587
2 0.6677689594356261 0.3740079365079365 0.017195767195767195 0.005456349206349206
2 0.7447089947089947 0.38070436507936506 0.008818342151675485 0.008432539682539682
2 0.6851851851851852 0.45783730158730157 0.013227513227513227 0.007936507936507936
2 0.593694885361552 0.44221230158730157 0.01455026455026455 0.006944444444444444
2 0.6671075837742504 0.40327380952380953 0.007054673721340388 0.008432539682539682
2 0.7105379188712522 0.40575396825396826 0.010141093474426807 0.00496031746031746
2 0.8472222222222222 0.42844742063492064 0.00837742504409171 0.007192460317460317
2 0.8509700176366843 0.4625496031746032 0.007936507936507936 0.006944444444444444
2 0.939594356261023 0.32998511904761907 0.019400352733686066 0.006200396825396825
2 0.13778659611992947 0.49541170634920634 0.016313932980599646 0.008680555555555556
2 0.27645502645502645 0.47098214285714285 0.013227513227513227 0.007936507936507936
2 0.18981481481481483 0.47705853174603174 0.010141093474426807 0.01066468253968254
2 0.1402116402116402 0.47259424603174605 0.012345679012345678 0.009672619047619048
2 0.2894620811287478 0.4959077380952381 0.015432098765432098 0.006696428571428571
2 0.27821869488536155 0.5656001984126984 0.013227513227513227 0.007688492063492063
2 0.27843915343915343 0.5483630952380952 0.011904761904761904 0.008432539682539682
2 0.2791005291005291 0.7511160714285714 0.014109347442680775 0.01066468253968254
2 0.27336860670194 0.8250248015873016 0.014109347442680775 0.011656746031746032
2 0.37103174603174605 0.47879464285714285 0.00837742504409171 0.009672619047619048
2 0.37808641975308643 0.49032738095238093 0.011022927689594356 0.007936507936507936
2 0.36507936507936506 0.5003720238095238 0.010582010582010581 0.010168650793650794
2 0.3423721340388007 0.5421626984126984 0.011022927689594356 0.008432539682539682
2 0.4512786596119929 0.5322420634920635 0.011904761904761904 0.009424603174603174
2 0.4876543209876543 0.4779265873015873 0.010582010582010581 0.007936507936507936
2 0.583994708994709 0.5033482142857143 0.016313932980599646 0.005704365079365079
2 0.6018518518518519 0.4965277777777778 0.007936507936507936 0.008432539682539682
2 0.8670634920634921 0.5141369047619048 0.021604938271604937 0.005952380952380952
2 0.597663139329806 0.5912698412698413 0.007495590828924162 0.011408730158730158
2 0.33994708994708994 0.6351686507936508 0.014991181657848324 0.005456349206349206
2 0.34523809523809523 0.6566220238095238 0.007936507936507936 0.009176587301587302
2 0.4142416225749559 0.6707589285714286 0.00837742504409171 0.008680555555555556
2 0.4113756613756614 0.6387648809523809 0.014991181657848324 0.004712301587301587
2 0.330026455026455 0.7880704365079365 0.012786596119929453 0.012152777777777778
3 0.44841269841269843 0.19233630952380953 0.012345679012345678 0.005208333333333333
3 0.4007936507936508 0.4490327380952381 0.01146384479717813 0.006200396825396825
3 0.42658730158730157 0.47197420634920634 0.011904761904761904 0.00496031746031746
3 0.658289241622575 0.3488343253968254 0.010582010582010581 0.00818452380952381
3 0.6177248677248677 0.4126984126984127 0.009700176366843033 0.006944444444444444
3 0.8492063492063492 0.4174107142857143 0.010582010582010581 0.00496031746031746