0 0.2768959435626102 0.2333829365079365 0.008818342151675485 0.00496031746031746
0 0.3291446208112875 0.19642857142857142 0.009259259259259259 0.00496031746031746
0 0.4115961199294533 0.18874007936507936 0.010141093474426807 0.006944444444444444
0 0.5103615520282186 0.1943204365079365 0.009259259259259259 0.005208333333333333
0 0.597663139329806 0.2333829365079365 0.00837742504409171 0.00496031746031746
0 0.5793650793650794 0.271453373015873 0.007936507936507936 0.005208333333333333
0 0.5738536155202821 0.2883184523809524 0.00837742504409171 0.005704365079365079
0 0.5665784832451499 0.29910714285714285 0.008818342151675485 0.00496031746031746
0 0.5077160493827161 0.32006448412698413 0.00837742504409171 0.005208333333333333
0 0.5368165784832452 0.31436011904761907 0.007495590828924162 0.005208333333333333
0 0.6049382716049383 0.3213045634920635 0.010582010582010581 0.005704365079365079
0 0.5888447971781305 0.34263392857142855 0.010141093474426807 0.005208333333333333
0 0.5421075837742504 0.3557787698412698 0.00837742504409171 0.005208333333333333
0 0.6818783068783069 0.08916170634920635 0.009259259259259259 0.005208333333333333
0 0.7711640211640212 0.34350198412698413 0.008818342151675485 0.003472222222222222
0 0.7398589065255732 0.47767857142857145 0.008818342151675485 0.00496031746031746
0 0.8796296296296297 0.46564980158730157 0.009700176366843033 0.005208333333333333
0 0.8364197530864198 0.4650297619047619 0.007936507936507936 0.003968253968253968
0 0.8121693121693122 0.4852430555555556 0.008818342151675485 0.005704365079365079
0 0.8117283950617284 0.4939236111111111 0.007936507936507936 0.005208333333333333
0 0.8648589065255732 0.5029761904761905 0.007495590828924162 0.00496031746031746
0 0.8302469135802469 0.5396825396825397 0.010582010582010581 0.005456349206349206
0 0.7808641975308642 0.5556795634920635 0.008818342151675485 0.005704365079365079
0 0.7493386243386243 0.5496031746031746 0.009259259259259259 0.00496031746031746
0 0.7749118165784833 0.5313740079365079 0.00837742504409171 0.005208333333333333
0 0.6765873015873016 0.5786210317460317 0.00837742504409171 0.005456349206349206
0 0.6743827160493827 0.597718253968254 0.011022927689594356 0.004464285714285714
0 0.4669312169312169 0.4260912698412698 0.007936507936507936 0.005456349206349206
0 0.5412257495590829 0.42646329365079366 0.00837742504409171 0.005208333333333333
0 0.5462962962962963 0.39794146825396826 0.009700176366843033 0.004712301587301587
0 0.5059523809523809 0.36706349206349204 0.010141093474426807 0.00496031746031746
0 0.6397707231040565 0.37351190476190477 0.007936507936507936 0.005456349206349206
0 0.6541005291005291 0.4088541666666667 0.007495590828924162 0.004712301587301587
0 0.44466490299823636 0.26785714285714285 0.00837742504409171 0.005456349206349206
0 0.45811287477954143 0.271453373015873 0.007054673721340388 0.005208333333333333
0 0.5180776014109347 0.25285218253968256 0.007936507936507936 0.003720238095238095
0 0.718694885361552 0.2550843253968254 0.007936507936507936 0.005704365079365079
0 0.4625220458553792 0.3165922619047619 0.008818342151675485 0.005704365079365079
0 0.42570546737213405 0.31820436507936506 0.007495590828924162 0.003968253968253968
0 0.4603174603174603 0.33134920634920634 0.006172839506172839 0.00496031746031746
0 0.5209435626102292 0.3317212301587302 0.003968253968253968 0.004712301587301587
0 0.5227072310405644 0.35453869047619047 0.007495590828924162 0.005704365079365079
0 0.5619488536155203 0.37475198412698413 0.00837742504409171 0.003968253968253968
0 0.546957671957672 0.38231646825396826 0.007495590828924162 0.005704365079365079
0 0.45634920634920634 0.4089781746031746 0.010582010582010581 0.004464285714285714
0 0.5094797178130511 0.42212301587301587 0.009259259259259259 0.004464285714285714
0 0.48743386243386244 0.43018353174603174 0.007495590828924162 0.004216269841269841
0 0.36529982363315694 0.4227430555555556 0.00837742504409171 0.004216269841269841
0 0.32253086419753085 0.4246031746031746 0.007495590828924162 0.005456349206349206
0 0.2808641975308642 0.39732142857142855 0.008818342151675485 0.004464285714285714
0 0.15432098765432098 0.42373511904761907 0.009700176366843033 0.005704365079365079
0 0.1402116402116402 0.3549107142857143 0.008818342151675485 0.005456349206349206
0 0.1576278659611993 0.36086309523809523 0.009259259259259259 0.005456349206349206
0 0.302689594356261 0.3138640873015873 0.009259259259259259 0.004712301587301587
0 0.27336860670194 0.3272569444444444 0.008818342151675485 0.005704365079365079
0 0.35361552028218696 0.2925347222222222 0.007936507936507936 0.004712301587301587
0 0.3844797178130511 0.27157738095238093 0.008818342151675485 0.00496031746031746
0 0.5817901234567902 0.3351934523809524 0.007495590828924162 0.005208333333333333
0 0.6130952380952381 0.4615575396825397 0.007495590828924162 0.005456349206349206
0 0.49559082892416223 0.49888392857142855 0.007054673721340388 0.004712301587301587
0 0.5099206349206349 0.5105406746031746 0.010141093474426807 0.005208333333333333
0 0.8571428571428571 0.5248015873015873 0.008818342151675485 0.003968253968253968
0 0.2744708994708995 0.2757936507936508 0.009259259259259259 0.00496031746031746
0 0.6466049382716049 0.42001488095238093 0.00837742504409171 0.004216269841269841
0 0.23346560846560846 0.4072420634920635 0.010141093474426807 0.00496031746031746
0 0.3939594356261023 0.4712301587301587 0.009259259259259259 0.005456349206349206
0 0.40233686067019403 0.4650297619047619 0.010141093474426807 0.004464285714285714
0 0.4572310405643739 0.503968253968254 0.007054673721340388 0.005952380952380952
0 0.29739858906525574 0.5287698412698413 0.009259259259259259 0.005456349206349206
0 0.3251763668430335 0.5295138888888888 0.010141093474426807 0.00496031746031746
0 0.3253968253968254 0.5616319444444444 0.009700176366843033 0.005704365079365079
0 0.41710758377425045 0.5773809523809523 0.008818342151675485 0.005456349206349206
0 0.5052910052910053 0.6065228174603174 0.007936507936507936 0.005704365079365079
0 0.4966931216931217 0.6292162698412699 0.010141093474426807 0.005456349206349206
0 0.7231040564373897 0.2935267857142857 0.009700176366843033 0.003224206349206349
0 0.6935626102292769 0.29712301587301587 0.009700176366843033 0.003968253968253968
0 0.6413139329805997 0.31026785714285715 0.00837742504409171 0.004464285714285714
0 0.6080246913580247 0.2880704365079365 0.009700176366843033 0.004712301587301587
0 0.6671075837742504 0.2269345238095238 0.008818342151675485 0.004464285714285714
0 0.6168430335097002 0.17906746031746032 0.008818342151675485 0.004464285714285714
0 0.8606701940035273 0.22569444444444445 0.008818342151675485 0.003968253968253968
0 0.769620811287478 0.3521825396825397 0.00837742504409171 0.00496031746031746
0 0.6254409171075838 0.3851686507936508 0.006613756613756613 0.005952380952380952
0 0.7153880070546738 0.5363343253968254 0.009259259259259259 0.004712301587301587
0 0.5002204585537919 0.27554563492063494 0.00837742504409171 0.003472222222222222
0 0.25771604938271603 0.1974206349206349 0.009259259259259259 0.003968253968253968
0 0.6790123456790124 0.36334325396825395 0.007936507936507936 0.003472222222222222
0 0.6234567901234568 0.3648313492063492 0.008818342151675485 0.005952380952380952
0 0.7667548500881834 0.21180555555555555 0.008818342151675485 0.004464285714285714
0 0.35030864197530864 0.589905753968254 0.009259259259259259 0.005208333333333333
0 0.6395502645502645 0.21788194444444445 0.00837742504409171 0.003224206349206349
0 0.6417548500881834 0.1783234126984127 0.005731922398589065 0.005952380952380952
0 0.8115079365079365 0.27728174603174605 0.009259259259259259 0.00248015873015873
0 0.8483245149911817 0.26091269841269843 0.006172839506172839 0.00496031746031746
0 0.8196649029982364 0.11619543650793651 0.006172839506172839 0.005208333333333333
0 0.34942680776014107 0.23673115079365079 0.007495590828924162 0.006200396825396825
0 0.2876984126984127 0.2628968253968254 0.003968253968253968 0.005456349206349206
0 0.376984126984127 0.2771577380952381 0.005291005291005291 0.005208333333333333
0 0.5548941798941799 0.2650049603174603 0.007495590828924162 0.004216269841269841
0 0.9521604938271605 0.369171626984127 0.00837742504409171 0.003720238095238095
0 0.9138007054673721 0.43154761904761907 0.009259259259259259 0.003472222222222222
0 0.6701940035273368 0.3898809523809524 0.005291005291005291 0.004464285714285714
0 0.8055555555555556 0.5141369047619048 0.009700176366843033 0.004464285714285714
1 0.5656966490299824 0.1267361111111111 0.007936507936507936 0.005456349206349206
1 0.5302028218694885 0.33705357142857145 0.006613756613756613 0.003472222222222222
1 0.5934744268077602 0.31237599206349204 0.007936507936507936 0.003720238095238095
1 0.22993827160493827 0.3382936507936508 0.009259259259259259 0.00496031746031746
1 0.3697089947089947 0.2848462301587302 0.0048500881834215165 0.004216269841269841
1 0.5795855379188712 0.22681051587301587 0.007495590828924162 0.003224206349206349
1 0.6069223985890653 0.20647321428571427 0.006613756613756613 0.004216269841269841
2 0.3549382716049383 0.17559523809523808 0.007054673721340388 0.00744047619047619
2 0.38646384479717816 0.2136656746031746 0.013668430335097001 0.005704365079365079
2 0.2330246913580247 0.23834325396825398 0.013668430335097001 0.003968253968253968
2 0.10207231040564374 0.45907738095238093 0.01455026455026455 0.006448412698412698
2 0.4096119929453263 0.5122767857142857 0.010582010582010581 0.006696428571428571
2 0.4230599647266314 0.5021081349206349 0.010141093474426807 0.007192460317460317
2 0.3540564373897707 0.5190972222222222 0.007936507936507936 0.00744047619047619
2 0.6516754850088183 0.24454365079365079 0.012345679012345678 0.006448412698412698
2 0.656084656084656 0.2630208333333333 0.012345679012345678 0.005208333333333333
2 0.6682098765432098 0.2646329365079365 0.007495590828924162 0.005456349206349206
2 0.5037477954144621 0.2961309523809524 0.005731922398589065 0.006944444444444444
2 0.18738977072310406 0.3743799603174603 0.012345679012345678 0.006200396825396825
2 0.20238095238095238 0.5290178571428571 0.010582010582010581 0.00744047619047619
2 0.16137566137566137 0.5551835317460317 0.014109347442680775 0.003720238095238095
2 0.25462962962962965 0.5183531746031746 0.00837742504409171 0.007936507936507936
2 0.27998236331569665 0.5112847222222222 0.007054673721340388 0.008680555555555556
2 0.2837301587301587 0.5301339285714286 0.013668430335097001 0.003720238095238095
2 0.24426807760141092 0.5337301587301587 0.012345679012345678 0.004464285714285714
2 0.33289241622574955 0.5484871031746031 0.010582010582010581 0.007192460317460317
2 0.3776455026455027 0.5281498015873016 0.010141093474426807 0.007192460317460317
2 0.3957231040564374 0.5202132936507936 0.007495590828924162 0.007688492063492063
2 0.6441798941798942 0.48152281746031744 0.004409171075837742 0.00818452380952381
2 0.6728395061728395 0.5250496031746031 0.010582010582010581 0.005952380952380952
2 0.7354497354497355 0.5270337301587301 0.013227513227513227 0.005456349206349206
2 0.7376543209876543 0.5073164682539683 0.005291005291005291 0.00818452380952381
2 0.8833774250440917 0.5519593253968254 0.010141093474426807 0.006696428571428571
2 0.5083774250440917 0.24665178571428573 0.007936507936507936 0.007192460317460317
2 0.47332451499118167 0.251984126984127 0.012786596119929453 0.004464285714285714
2 0.32407407407407407 0.30344742063492064 0.008818342151675485 0.007192460317460317
2 0.32341269841269843 0.32787698412698413 0.006613756613756613 0.008432539682539682
2 0.43253968253968256 0.3733878968253968 0.007054673721340388 0.007192460317460317
2 0.7078924162257496 0.38740079365079366 0.012786596119929453 0.006448412698412698
2 0.656084656084656 0.3922371031746032 0.010582010582010581 0.003224206349206349
2 0.5354938271604939 0.6568700396825397 0.006613756613756613 0.008680555555555556
2 0.5271164021164021 0.6382688492063492 0.009259259259259259 0.00818452380952381
2 0.2603615520282187 0.5809771825396826 0.01455026455026455 0.004712301587301587
2 0.5634920634920635 0.1722470238095238 0.010582010582010581 0.007192460317460317
2 0.6474867724867724 0.33643353174603174 0.009259259259259259 0.006696428571428571
2 0.5696649029982364 0.470734126984127 0.009700176366843033 0.005952380952380952
2 0.5672398589065256 0.4729662698412698 0.003968253968253968 0.00496031746031746
2 0.25992063492063494 0.45324900793650796 0.013668430335097001 0.004216269841269841
2 0.8271604938271605 0.39211309523809523 0.008818342151675485 0.003472222222222222
3 0.6481481481481481 0.12586805555555555 0.007936507936507936 0.003720238095238095
3 0.7762345679012346 0.21713789682539683 0.006613756613756613 0.005208333333333333
3 0.783068783068783 0.21180555555555555 0.006172839506172839 0.00496031746031746
3 0.9358465608465608 0.3427579365079365 0.007495590828924162 0.00496031746031746
3 0.38293650793650796 0.5690724206349206 0.010141093474426807 0.003720238095238095
3 0.4217372134038801 0.5621279761904762 0.003968253968253968 0.003224206349206349
3 0.41203703703703703 0.5646081349206349 0.006613756613756613 0.003224206349206349
3 0.48897707231040566 0.5949900793650794 0.008818342151675485 0.005456349206349206
3 0.24184303350970018 0.39955357142857145 0.006613756613756613 0.002976190476190476
3 0.7694003527336861 0.6143353174603174 0.008818342151675485 0.003472222222222222
3 0.5255731922398589 0.5153769841269841 0.005291005291005291 0.00496031746031746
3 0.5264550264550265 0.17373511904761904 0.005291005291005291 0.004712301587301587
3 0.17173721340388007 0.23859126984126985 0.006613756613756613 0.004464285714285714
3 0.21164021164021163 0.2595486111111111 0.005291005291005291 0.005208333333333333
3 0.54673721340388 0.3420138888888889 0.006172839506172839 0.00496031746031746
3 0.5630511463844797 0.3412698412698413 0.008818342151675485 0.003968253968253968
3 0.48214285714285715 0.3054315476190476 0.003968253968253968 0.004712301587301587
3 0.8776455026455027 0.27566964285714285 0.005731922398589065 0.004216269841269841
3 0.9054232804232805 0.2751736111111111 0.003968253968253968 0.004712301587301587
3 0.9757495590828924 0.28596230158730157 0.007054673721340388 0.003472222222222222
3 0.8454585537918872 0.1746031746031746 0.007495590828924162 0.003472222222222222
3 0.3664021164021164 0.18588789682539683 0.005291005291005291 0.005208333333333333
3 0.6322751322751323 0.5435267857142857 0.007936507936507936 0.003720238095238095
3 0.5687830687830688 0.26574900793650796 0.006172839506172839 0.003720238095238095
3 0.8968253968253969 0.42745535714285715 0.005291005291005291 0.005208333333333333
3 0.8952821869488536 0.513640873015873 0.010141093474426807 0.003968253968253968
3 0.79673721340388 0.49107142857142855 0.005291005291005291 0.003968253968253968
3 0.3395061728395062 0.4537450396825397 0.009700176366843033 0.003720238095238095
3 0.7407407407407407 0.39818948412698413 0.007936507936507936 0.005208333333333333
3 0.7052469135802469 0.4126984126984127 0.00837742504409171 0.005952380952380952
3 0.2826278659611993 0.3726438492063492 0.007054673721340388 0.003224206349206349
3 0.7973985890652557 0.5372023809523809 0.00837742504409171 0.002976190476190476
3 0.13624338624338625 0.3855406746031746 0.006172839506172839 0.004712301587301587