0 0.279320987654321 0.2744295634920635 0.010141093474426807 0.005208333333333333
0 0.3430335097001764 0.2632688492063492 0.008818342151675485 0.005208333333333333
0 0.42857142857142855 0.2562003968253968 0.009700176366843033 0.005456349206349206
0 0.43452380952380953 0.29898313492063494 0.00837742504409171 0.005208333333333333
0 0.3644179894179894 0.3074156746031746 0.00837742504409171 0.005704365079365079
0 0.4060846560846561 0.23722718253968253 0.009700176366843033 0.004216269841269841
0 0.48324514991181655 0.22730654761904762 0.007054673721340388 0.004712301587301587
0 0.6003086419753086 0.2941468253968254 0.007495590828924162 0.00496031746031746
0 0.5601851851851852 0.29873511904761907 0.00837742504409171 0.004712301587301587
0 0.5573192239858906 0.30753968253968256 0.007936507936507936 0.00496031746031746
0 0.5339506172839507 0.32068452380952384 0.008818342151675485 0.00496031746031746
0 0.625 0.2496279761904762 0.005731922398589065 0.005208333333333333
0 0.7081128747795414 0.2468998015873016 0.010582010582010581 0.003224206349206349
0 0.7147266313932981 0.2543402777777778 0.008818342151675485 0.004216269841269841
0 0.7001763668430335 0.27839781746031744 0.007054673721340388 0.003720238095238095
0 0.550705467372134 0.6618303571428571 0.007936507936507936 0.004712301587301587
0 0.6000881834215167 0.6419890873015873 0.008818342151675485 0.005208333333333333
0 0.6342592592592593 0.6470734126984127 0.00837742504409171 0.005456349206349206
0 0.6466049382716049 0.6429811507936508 0.00837742504409171 0.005208333333333333
0 0.6421957671957672 0.6206597222222222 0.00837742504409171 0.005208333333333333
0 0.4497354497354497 0.3478422619047619 0.008818342151675485 0.004712301587301587
0 0.4091710758377425 0.37028769841269843 0.007936507936507936 0.003472222222222222
0 0.37191358024691357 0.38764880952380953 0.00837742504409171 0.003968253968253968
0 0.5568783068783069 0.37723214285714285 0.008818342151675485 0.003472222222222222
0 0.5396825396825397 0.4103422619047619 0.009700176366843033 0.003720238095238095
0 0.5504850088183422 0.42943948412698413 0.006613756613756613 0.005208333333333333
0 0.5011022927689595 0.4383680555555556 0.007495590828924162 0.004216269841269841
0 0.54673721340388 0.4182787698412698 0.009700176366843033 0.003224206349206349
0 0.4261463844797178 0.4646577380952381 0.009259259259259259 0.003224206349206349
0 0.6578483245149912 0.3834325396825397 0.007936507936507936 0.00248015873015873
0 0.6904761904761905 0.3740079365079365 0.005291005291005291 0.005456349206349206
0 0.6653439153439153 0.3567708333333333 0.006172839506172839 0.004216269841269841
0 0.6055996472663139 0.3478422619047619 0.00837742504409171 0.003224206349206349
0 0.6746031746031746 0.42175099206349204 0.005291005291005291 0.004712301587301587
0 0.6834215167548501 0.42237103174603174 0.005291005291005291 0.005456349206349206
0 0.6377865961199295 0.4140625 0.005731922398589065 0.004712301587301587
0 0.6587301587301587 0.408234126984127 0.008818342151675485 0.003472222222222222
0 0.6373456790123457 0.38231646825396826 0.007495590828924162 0.005208333333333333
0 0.7488977072310405 0.6192956349206349 0.00837742504409171 0.004464285714285714
0 0.49933862433862436 0.6463293650793651 0.00837742504409171 0.004464285714285714
0 0.39087301587301587 0.6552579365079365 0.010141093474426807 0.005952380952380952
0 0.3011463844797178 0.6511656746031746 0.008818342151675485 0.004712301587301587
0 0.2709435626102293 0.6020585317460317 0.007495590828924162 0.005208333333333333
0 0.25727513227513227 0.6004464285714286 0.009259259259259259 0.00496031746031746
0 0.21935626102292768 0.6052827380952381 0.009259259259259259 0.005208333333333333
0 0.24052028218694885 0.6303323412698413 0.007495590828924162 0.005208333333333333
0 0.4933862433862434 0.6137152777777778 0.009700176366843033 0.005208333333333333
0 0.36155202821869487 0.6044146825396826 0.008818342151675485 0.005456349206349206
0 0.3584656084656085 0.5856894841269841 0.008818342151675485 0.004216269841269841
0 0.3373015873015873 0.6356646825396826 0.008818342151675485 0.00496031746031746
0 0.07980599647266313 0.5407986111111112 0.007054673721340388 0.005208333333333333
0 0.15321869488536155 0.5577876984126984 0.00837742504409171 0.00496031746031746
0 0.21494708994708994 0.6271081349206349 0.007495590828924162 0.004712301587301587
0 0.26587301587301587 0.5367063492063492 0.007936507936507936 0.00496031746031746
0 0.19444444444444445 0.5367063492063492 0.009700176366843033 0.003968253968253968
0 0.13470017636684303 0.48834325396825395 0.005731922398589065 0.00496031746031746
0 0.2191358024691358 0.5835813492063492 0.008818342151675485 0.002976190476190476
0 0.2967372134038801 0.5084325396825397 0.01146384479717813 0.002976190476190476
0 0.2978395061728395 0.47098214285714285 0.00837742504409171 0.003968253968253968
0 0.44598765432098764 0.5014880952380952 0.007495590828924162 0.004464285714285714
0 0.43540564373897706 0.5001240079365079 0.007495590828924162 0.004712301587301587
0 0.4367283950617284 0.541046626984127 0.0048500881834215165 0.005208333333333333
0 0.513668430335097 0.5581597222222222 0.005291005291005291 0.005208333333333333
0 0.5795855379188712 0.5631200396825397 0.00837742504409171 0.004216269841269841
0 0.5238095238095238 0.5203373015873016 0.008818342151675485 0.003968253968253968
0 0.33201058201058203 0.5771329365079365 0.007936507936507936 0.003472222222222222
0 0.4208553791887125 0.5621279761904762 0.007495590828924162 0.005208333333333333
0 0.5028659611992945 0.5780009920634921 0.009259259259259259 0.003720238095238095
0 0.5515873015873016 0.5230654761904762 0.008818342151675485 0.00496031746031746
0 0.5967813051146384 0.4792906746031746 0.006613756613756613 0.004712301587301587
0 0.5910493827160493 0.49342757936507936 0.011022927689594356 0.003720238095238095
0 0.609347442680776 0.5721726190476191 0.007054673721340388 0.003968253968253968
0 0.667989417989418 0.5600198412698413 0.006172839506172839 0.004464285714285714
0 0.6183862433862434 0.5337301587301587 0.010141093474426807 0.003472222222222222
0 0.7237654320987654 0.44208829365079366 0.00837742504409171 0.004712301587301587
0 0.6278659611992945 0.5424107142857143 0.010582010582010581 0.003968253968253968
0 0.8996913580246914 0.5094246031746031 0.009259259259259259 0.004464285714285714
0 0.9332010582010583 0.4140625 0.006613756613756613 0.005208333333333333
0 0.8930776014109347 0.4260912698412698 0.006613756613756613 0.004464285714285714
0 0.9138007054673721 0.5 0.006613756613756613 0.003968253968253968
0 0.941358024691358 0.35987103174603174 0.005291005291005291 0.00496031746031746
0 0.9007936507936508 0.36569940476190477 0.008818342151675485 0.004216269841269841
1 0.3298059964726631 0.5243055555555556 0.01146384479717813 0.005952380952380952
1 0.5831128747795414 0.4538690476190476 0.007495590828924162 0.00496031746031746
1 0.8040123456790124 0.43179563492063494 0.00837742504409171 0.005456349206349206
1 0.18518518518518517 0.4722222222222222 0.007936507936507936 0.00496031746031746
1 0.27821869488536155 0.45783730158730157 0.007054673721340388 0.004464285714285714
1 0.31459435626102294 0.46478174603174605 0.007495590828924162 0.003968253968253968
1 0.3871252204585538 0.4711061507936508 0.007054673721340388 0.004712301587301587
1 0.6633597883597884 0.42584325396825395 0.007495590828924162 0.00496031746031746
1 0.6199294532627866 0.3628472222222222 0.005291005291005291 0.002976190476190476
1 0.6261022927689595 0.38913690476190477 0.006172839506172839 0.002976190476190476
1 0.7876984126984127 0.6098710317460317 0.006613756613756613 0.003968253968253968
1 0.44642857142857145 0.550719246031746 0.011022927689594356 0.004216269841269841
1 0.19135802469135801 0.5083085317460317 0.009700176366843033 0.004712301587301587
1 0.5848765432098766 0.5513392857142857 0.006613756613756613 0.004464285714285714
1 0.36000881834215165 0.5657242063492064 0.011904761904761904 0.004464285714285714
1 0.8044532627865961 0.5348462301587301 0.007495590828924162 0.003224206349206349
2 0.19598765432098766 0.32936507936507936 0.012786596119929453 0.004464285714285714
2 0.33818342151675485 0.27802579365079366 0.012345679012345678 0.004464285714285714
2 0.5414462081128748 0.2230902777777778 0.007054673721340388 0.005704365079365079
2 0.6055996472663139 0.2585565476190476 0.009259259259259259 0.005208333333333333
2 0.6626984126984127 0.2286706349206349 0.010582010582010581 0.003968253968253968
2 0.6728395061728395 0.23139880952380953 0.01146384479717813 0.00248015873015873
2 0.7339065255731922 0.25 0.011022927689594356 0.002976190476190476
2 0.8434744268077602 0.27021329365079366 0.008818342151675485 0.002728174603174603
2 0.70326278659612 0.2977430555555556 0.004409171075837742 0.007192460317460317
2 0.7495590828924162 0.3091517857142857 0.005291005291005291 0.007192460317460317
2 0.6415343915343915 0.3084077380952381 0.008818342151675485 0.003720238095238095
2 0.6333774250440917 0.36148313492063494 0.005731922398589065 0.006200396825396825
2 0.45943562610229277 0.369171626984127 0.010582010582010581 0.003720238095238095
2 0.6432980599647267 0.4429563492063492 0.010582010582010581 0.005456349206349206
2 0.8212081128747796 0.41555059523809523 0.007495590828924162 0.005208333333333333
2 0.8015873015873016 0.3888888888888889 0.012345679012345678 0.002976190476190476
2 0.6108906525573192 0.6452132936507936 0.00837742504409171 0.005704365079365079
2 0.375 0.48139880952380953 0.011022927689594356 0.003472222222222222
2 0.7720458553791887 0.33482142857142855 0.010582010582010581 0.002976190476190476
2 0.7466931216931217 0.3404017857142857 0.009259259259259259 0.003224206349206349
2 0.7563932980599647 0.3413938492063492 0.009259259259259259 0.003224206349206349
2 0.7768959435626103 0.3478422619047619 0.010582010582010581 0.003720238095238095
2 0.8381834215167548 0.3601190476190476 0.010582010582010581 0.002976190476190476
2 0.12037037037037036 0.4304315476190476 0.009700176366843033 0.006696428571428571
2 0.11044973544973545 0.3715277777777778 0.0048500881834215165 0.00744047619047619
2 0.1421957671957672 0.3864087301587302 0.010141093474426807 0.003968253968253968
2 0.21031746031746032 0.3794642857142857 0.005291005291005291 0.005456349206349206
2 0.06393298059964726 0.4681299603174603 0.005291005291005291 0.006200396825396825
2 0.06746031746031746 0.47705853174603174 0.007936507936507936 0.006696428571428571
2 0.6490299823633157 0.38740079365079366 0.006172839506172839 0.005952380952380952
2 0.724647266313933 0.3427579365079365 0.009259259259259259 0.005456349206349206
2 0.6867283950617284 0.42931547619047616 0.010141093474426807 0.004464285714285714
2 0.8306878306878307 0.3628472222222222 0.009700176366843033 0.003472222222222222
2 0.8974867724867724 0.3244047619047619 0.010141093474426807 0.002976190476190476
2 0.9440035273368607 0.3793402777777778 0.009700176366843033 0.003720238095238095
2 0.9166666666666666 0.46068948412698413 0.01146384479717813 0.004216269841269841
2 0.8897707231040565 0.47619047619047616 0.01146384479717813 0.003968253968253968
2 0.9431216931216931 0.4830109126984127 0.006172839506172839 0.005704365079365079
2 0.8527336860670194 0.5355902777777778 0.009700176366843033 0.005704365079365079
2 0.8531746031746031 0.5415426587301587 0.012345679012345678 0.004712301587301587
2 0.8428130511463845 0.578125 0.011022927689594356 0.005456349206349206
2 0.2585978835978836 0.7251984126984127 0.005731922398589065 0.007936507936507936
2 0.16490299823633156 0.6920882936507936 0.009700176366843033 0.005208333333333333
2 0.17570546737213405 0.6732390873015873 0.009259259259259259 0.005704365079365079
2 0.3820546737213404 0.6351686507936508 0.012786596119929453 0.003968253968253968
2 0.3611111111111111 0.6646825396825397 0.010582010582010581 0.00496031746031746
2 0.05092592592592592 0.5450148809523809 0.012786596119929453 0.004216269841269841
2 0.07958553791887125 0.5562996031746031 0.003968253968253968 0.00744047619047619
2 0.04805996472663139 0.49962797619047616 0.014109347442680775 0.003224206349206349
2 0.19113756613756613 0.5783730158730159 0.006613756613756613 0.00744047619047619
2 0.3492063492063492 0.5478670634920635 0.005291005291005291 0.006448412698412698
2 0.4556878306878307 0.5592757936507936 0.003968253968253968 0.00744047619047619
2 0.4146825396825397 0.6354166666666666 0.006613756613756613 0.005456349206349206
2 0.263668430335097 0.6848958333333334 0.007936507936507936 0.007688492063492063
2 0.7120811287477954 0.5084325396825397 0.012345679012345678 0.00496031746031746
2 0.6981922398589065 0.5592757936507936 0.00837742504409171 0.00744047619047619
2 0.8952821869488536 0.5174851190476191 0.010141093474426807 0.003720238095238095
2 0.8932980599647267 0.5529513888888888 0.007054673721340388 0.005704365079365079
3 0.09788359788359788 0.3118799603174603 0.008818342151675485 0.003224206349206349
3 0.1439594356261023 0.33556547619047616 0.006613756613756613 0.005456349206349206
3 0.14792768959435626 0.31572420634920634 0.006613756613756613 0.004464285714285714
3 0.17879188712522046 0.3056795634920635 0.006613756613756613 0.003720238095238095
3 0.18562610229276896 0.2943948412698413 0.007936507936507936 0.003968253968253968
3 0.21891534391534392 0.30766369047619047 0.005731922398589065 0.004712301587301587
3 0.5451940035273368 0.3133680555555556 0.003968253968253968 0.005208333333333333
3 0.765652557319224 0.2760416666666667 0.005731922398589065 0.001984126984126984
3 0.8236331569664903 0.28112599206349204 0.007054673721340388 0.003720238095238095
3 0.7881393298059964 0.29910714285714285 0.0048500881834215165 0.003968253968253968
3 0.11992945326278659 0.34412202380952384 0.004409171075837742 0.005208333333333333
3 0.21340388007054673 0.35193452380952384 0.007936507936507936 0.002976190476190476
3 0.18716931216931218 0.39533730158730157 0.006613756613756613 0.004464285714285714
3 0.24889770723104057 0.4105902777777778 0.0048500881834215165 0.005208333333333333
3 0.1715167548500882 0.42237103174603174 0.006172839506172839 0.004464285714285714
3 0.10405643738977072 0.3740079365079365 0.006172839506172839 0.00496031746031746
3 0.050705467372134036 0.47160218253968256 0.004409171075837742 0.005208333333333333
3 0.24184303350970018 0.46106150793650796 0.00837742504409171 0.004464285714285714
3 0.3401675485008818 0.32998511904761907 0.00837742504409171 0.004216269841269841
3 0.46494708994708994 0.35813492063492064 0.00837742504409171 0.003472222222222222
3 0.4708994708994709 0.3821924603174603 0.007054673721340388 0.004464285714285714
3 0.4488536155202822 0.4036458333333333 0.004409171075837742 0.004216269841269841
3 0.49713403880070545 0.3970734126984127 0.033950617283950615 0.01984126984126984
3 0.3818342151675485 0.4312996031746032 0.008818342151675485 0.002976190476190476
3 0.38580246913580246 0.46589781746031744 0.008818342151675485 0.002728174603174603
3 0.6177248677248677 0.4191468253968254 0.007054673721340388 0.003968253968253968
3 0.6247795414462081 0.3759920634920635 0.007936507936507936 0.00496031746031746
3 0.6547619047619048 0.3349454365079365 0.004409171075837742 0.005208333333333333
3 0.7548500881834215 0.33122519841269843 0.007936507936507936 0.002232142857142857
3 0.6009700176366843 0.32155257936507936 0.008818342151675485 0.004216269841269841
3 0.6624779541446209 0.3240327380952381 0.007495590828924162 0.003720238095238095
3 0.8225308641975309 0.34164186507936506 0.009259259259259259 0.003720238095238095
3 0.822310405643739 0.3922371031746032 0.007054673721340388 0.002728174603174603
3 0.7691798941798942 0.3998015873015873 0.006613756613756613 0.005456349206349206
3 0.8847001763668431 0.4017857142857143 0.00837742504409171 0.003472222222222222
3 0.8935185185185185 0.4029017857142857 0.00837742504409171 0.003224206349206349
3 0.9400352733686067 0.3490823412698413 0.004409171075837742 0.002728174603174603
3 0.06084656084656084 0.5166170634920635 0.005291005291005291 0.003472222222222222
3 0.03968253968253968 0.4966517857142857 0.007054673721340388 0.001736111111111111
3 0.08134920634920635 0.4859871031746032 0.006613756613756613 0.003224206349206349
3 0.062169312169312166 0.49541170634920634 0.005291005291005291 0.005208333333333333
3 0.1421957671957672 0.5871775793650794 0.00837742504409171 0.003720238095238095
3 0.24052028218694885 0.6081349206349206 0.007495590828924162 0.003968253968253968
3 0.1730599647266314 0.511656746031746 0.007495590828924162 0.003968253968253968
3 0.4812610229276896 0.4827628968253968 0.011904761904761904 0.004216269841269841
3 0.458994708994709 0.49541170634920634 0.007936507936507936 0.004216269841269841
3 0.48368606701940037 0.49441964285714285 0.006172839506172839 0.004216269841269841
3 0.4523809523809524 0.4888392857142857 0.005291005291005291 0.003968253968253968
3 0.5030864197530864 0.613219246031746 0.006172839506172839 0.002728174603174603
3 0.5105820105820106 0.6106150793650794 0.005291005291005291 0.002976190476190476
3 0.5335097001763669 0.5543154761904762 0.005291005291005291 0.00248015873015873
3 0.3664021164021164 0.5829613095238095 0.004409171075837742 0.004216269841269841
3 0.36860670194003525 0.5438988095238095 0.006172839506172839 0.00496031746031746
3 0.8088624338624338 0.4810267857142857 0.009259259259259259 0.003720238095238095
3 0.9486331569664903 0.4392361111111111 0.003968253968253968 0.003472222222222222
3 0.8099647266313933 0.45796130952380953 0.005291005291005291 0.002728174603174603
3 0.8141534391534392 0.462921626984127 0.005731922398589065 0.002232142857142857
3 0.8650793650793651 0.5285218253968254 0.005291005291005291 0.00496031746031746
3 0.8322310405643739 0.5205853174603174 0.006613756613756613 0.00496031746031746
3 0.8780864197530864 0.5685763888888888 0.011904761904761904 0.005208333333333333