0 0.3333333333333333 0.29365079365079366 0.010582010582010581 0.003968253968253968
0 0.4468694885361552 0.2707093253968254 0.010141093474426807 0.004216269841269841
0 0.5271164021164021 0.22705853174603174 0.007495590828924162 0.006200396825396825
0 0.43253968253968256 0.2017609126984127 0.007936507936507936 0.005704365079365079
0 0.3392857142857143 0.24503968253968253 0.007495590828924162 0.005952380952380952
0 0.5895061728395061 0.20858134920634921 0.009700176366843033 0.004464285714285714
0 0.6618165784832452 0.2523561507936508 0.005291005291005291 0.006200396825396825
0 0.607583774250441 0.26103670634920634 0.009700176366843033 0.004712301587301587
0 0.5637125220458554 0.2932787698412698 0.007495590828924162 0.005704365079365079
0 0.14638447971781304 0.42844742063492064 0.01146384479717813 0.005704365079365079
0 0.2003968253968254 0.3993055555555556 0.007495590828924162 0.005456349206349206
0 0.2239858906525573 0.39099702380952384 0.01146384479717813 0.004216269841269841
0 0.2138447971781305 0.44494047619047616 0.010582010582010581 0.003472222222222222
0 0.1644620811287478 0.4740823412698413 0.009700176366843033 0.004712301587301587
0 0.2987213403880071 0.3211805555555556 0.011904761904761904 0.003472222222222222
0 0.4678130511463845 0.357390873015873 0.009700176366843033 0.003968253968253968
0 0.4905202821869489 0.3586309523809524 0.010141093474426807 0.005456349206349206
0 0.5425485008818343 0.33469742063492064 0.006613756613756613 0.005704365079365079
0 0.5114638447971781 0.3757440476190476 0.01146384479717813 0.00496031746031746
0 0.4556878306878307 0.4279513888888889 0.011022927689594356 0.002728174603174603
0 0.5963403880070547 0.35267857142857145 0.011022927689594356 0.005456349206349206
0 0.8095238095238095 0.3803323412698413 0.01146384479717813 0.003224206349206349
0 0.7145061728395061 0.38058035714285715 0.009259259259259259 0.004712301587301587
0 0.6858465608465608 0.41294642857142855 0.011022927689594356 0.005456349206349206
0 0.7061287477954145 0.43179563492063494 0.009259259259259259 0.004464285714285714
0 0.8908730158730159 0.4453125 0.011022927689594356 0.006696428571428571
0 0.9047619047619048 0.45907738095238093 0.009700176366843033 0.006448412698412698
0 0.8935185185185185 0.48127480158730157 0.011904761904761904 0.006696428571428571
0 0.1743827160493827 0.49404761904761907 0.011022927689594356 0.006448412698412698
0 0.2158289241622575 0.5153769841269841 0.011904761904761904 0.006448412698412698
0 0.2621252204585538 0.4959077380952381 0.007495590828924162 0.005208333333333333
0 0.2760141093474427 0.527281746031746 0.007936507936507936 0.004464285714285714
0 0.1968694885361552 0.5688244047619048 0.012786596119929453 0.005704365079365079
0 0.31613756613756616 0.5262896825396826 0.009700176366843033 0.005952380952380952
0 0.3492063492063492 0.5197172619047619 0.007936507936507936 0.006200396825396825
0 0.3785273368606702 0.5261656746031746 0.011022927689594356 0.005704365079365079
0 0.3955026455026455 0.5210813492063492 0.01146384479717813 0.005456349206349206
0 0.3423721340388007 0.5463789682539683 0.010141093474426807 0.005952380952380952
0 0.4129188712522046 0.5603918650793651 0.011022927689594356 0.005208333333333333
0 0.5456349206349206 0.5008680555555556 0.012786596119929453 0.005704365079365079
0 0.5149911816578483 0.5603918650793651 0.008818342151675485 0.005704365079365079
0 0.4929453262786596 0.5695684523809523 0.009700176366843033 0.004712301587301587
0 0.49184303350970016 0.6049107142857143 0.011022927689594356 0.005456349206349206
0 0.5143298059964727 0.6122271825396826 0.009259259259259259 0.004712301587301587
0 0.43694885361552027 0.5863095238095238 0.010582010582010581 0.006448412698412698
0 0.35692239858906527 0.6025545634920635 0.011904761904761904 0.004216269841269841
0 0.7328042328042328 0.49206349206349204 0.009700176366843033 0.005456349206349206
0 0.7409611992945326 0.49987599206349204 0.010141093474426807 0.005704365079365079
0 0.6309523809523809 0.5877976190476191 0.009700176366843033 0.003472222222222222
0 0.6435185185185185 0.5938740079365079 0.011022927689594356 0.004216269841269841
0 0.5747354497354498 0.6316964285714286 0.010141093474426807 0.005456349206349206
0 0.7076719576719577 0.6107390873015873 0.010582010582010581 0.003224206349206349
0 0.6644620811287478 0.5669642857142857 0.01146384479717813 0.003968253968253968
0 0.6869488536155203 0.5768849206349206 0.008818342151675485 0.003968253968253968
0 0.716710758377425 0.5784970238095238 0.010141093474426807 0.003720238095238095
0 0.6671075837742504 0.5094246031746031 0.009700176366843033 0.005456349206349206
0 0.7118606701940036 0.49342757936507936 0.011022927689594356 0.004712301587301587
0 0.7447089947089947 0.5200892857142857 0.010582010582010581 0.005952380952380952
0 0.8287037037037037 0.5141369047619048 0.010141093474426807 0.005952380952380952
0 0.7993827160493827 0.589781746031746 0.008818342151675485 0.004464285714285714
0 0.802689594356261 0.6111111111111112 0.009259259259259259 0.00496031746031746
0 0.8842592592592593 0.6075148809523809 0.010141093474426807 0.005208333333333333
0 0.9382716049382716 0.49962797619047616 0.007054673721340388 0.006200396825396825
0 0.8547178130511464 0.5467509920634921 0.010141093474426807 0.005704365079365079
0 0.21604938271604937 0.6357886904761905 0.012345679012345678 0.006696428571428571
0 0.22883597883597884 0.6744791666666666 0.012345679012345678 0.006200396825396825
0 0.2934303350970018 0.6670386904761905 0.011022927689594356 0.005704365079365079
0 0.4532627865961199 0.6825396825396826 0.010582010582010581 0.004464285714285714
0 0.39704585537918874 0.7367311507936508 0.009259259259259259 0.006200396825396825
0 0.34678130511463845 0.7528521825396826 0.010141093474426807 0.006200396825396825
0 0.3595679012345679 0.7607886904761905 0.011904761904761904 0.006200396825396825
0 0.42239858906525574 0.7734375 0.01146384479717813 0.006696428571428571
0 0.47023809523809523 0.7485119047619048 0.010141093474426807 0.005952380952380952
0 0.49404761904761907 0.7845982142857143 0.011022927689594356 0.005704365079365079
0 0.5875220458553791 0.7642609126984127 0.011904761904761904 0.004712301587301587
0 0.6164021164021164 0.7600446428571429 0.01146384479717813 0.005208333333333333
0 0.5974426807760141 0.775421626984127 0.01146384479717813 0.005704365079365079
0 0.5727513227513228 0.712921626984127 0.010582010582010581 0.004712301587301587
0 0.5670194003527337 0.6853918650793651 0.010582010582010581 0.004712301587301587
0 0.6128747795414462 0.6684027777777778 0.008818342151675485 0.005456349206349206
0 0.6082451499118166 0.6490575396825397 0.009259259259259259 0.003472222222222222
0 0.6761463844797179 0.6746031746031746 0.007495590828924162 0.005456349206349206
0 0.779320987654321 0.7023809523809523 0.011022927689594356 0.00496031746031746
1 0.5017636684303352 0.2890625 0.01146384479717813 0.006200396825396825
1 0.1371252204585538 0.3618551587301587 0.006172839506172839 0.003472222222222222
1 0.6529982363315696 0.4661458333333333 0.005291005291005291 0.003224206349206349
1 0.5934744268077602 0.5355902777777778 0.010582010582010581 0.005704365079365079
1 0.5094797178130511 0.7734375 0.011022927689594356 0.006200396825396825
1 0.6014109347442681 0.7331349206349206 0.007054673721340388 0.003968253968253968
1 0.6589506172839507 0.5493551587301587 0.007495590828924162 0.003968253968253968
2 0.6324955908289241 0.27455357142857145 0.01455026455026455 0.004464285714285714
2 0.7766754850088183 0.29538690476190477 0.01455026455026455 0.00496031746031746
2 0.7224426807760141 0.30158730158730157 0.013668430335097001 0.00744047619047619
2 0.6062610229276896 0.31721230158730157 0.010582010582010581 0.005456349206349206
2 0.628968253968254 0.31708829365079366 0.007495590828924162 0.006696428571428571
2 0.08179012345679013 0.33581349206349204 0.006613756613756613 0.008928571428571428
2 0.2722663139329806 0.365203373015873 0.011904761904761904 0.007192460317460317
2 0.1593915343915344 0.365203373015873 0.01455026455026455 0.007192460317460317
2 0.12037037037037036 0.42224702380952384 0.015873015873015872 0.003224206349206349
2 0.16688712522045857 0.40612599206349204 0.012786596119929453 0.006200396825396825
2 0.23192239858906524 0.474578373015873 0.014991181657848324 0.005208333333333333
2 0.06701940035273368 0.44841269841269843 0.013227513227513227 0.006944444444444444
2 0.2923280423280423 0.35181051587301587 0.007936507936507936 0.007688492063492063
2 0.4104938271604938 0.34325396825396826 0.014991181657848324 0.002976190476190476
2 0.5619488536155203 0.3401537698412698 0.00837742504409171 0.00818452380952381
2 0.5304232804232805 0.36768353174603174 0.014109347442680775 0.004216269841269841
2 0.5553350970017636 0.40029761904761907 0.010141093474426807 0.008432539682539682
2 0.7332451499118166 0.31994047619047616 0.014109347442680775 0.003472222222222222
2 0.8132716049382716 0.4175347222222222 0.011904761904761904 0.007192460317460317
2 0.18253968253968253 0.5889136904761905 0.014991181657848324 0.004216269841269841
2 0.47619047619047616 0.5040922619047619 0.01675485008818342 0.004712301587301587
2 0.5595238095238095 0.49069940476190477 0.010582010582010581 0.007688492063492063
2 0.5379188712522046 0.5484871031746031 0.014109347442680775 0.004216269841269841
2 0.5974426807760141 0.5057043650793651 0.008818342151675485 0.009424603174603174
2 0.6285273368606702 0.5673363095238095 0.015432098765432098 0.006696428571428571
2 0.689373897707231 0.6102430555555556 0.00837742504409171 0.008680555555555556
2 0.7268518518518519 0.6341765873015873 0.015432098765432098 0.003472222222222222
2 0.798941798941799 0.6326884920634921 0.008818342151675485 0.006448412698412698
2 0.8033509700176367 0.5815972222222222 0.008818342151675485 0.00744047619047619
2 0.4636243386243386 0.6909722222222222 0.015432098765432098 0.006944444444444444
2 0.36772486772486773 0.7788938492063492 0.007054673721340388 0.00818452380952381
2 0.4914021164021164 0.7366071428571429 0.015432098765432098 0.00496031746031746
2 0.4916225749559083 0.7433035714285714 0.015873015873015872 0.004464285714285714
2 0.5491622574955908 0.7491319444444444 0.007495590828924162 0.00818452380952381
2 0.5989858906525574 0.6779513888888888 0.00837742504409171 0.006696428571428571
2 0.6796737213403881 0.6829117063492064 0.015432098765432098 0.003720238095238095
2 0.7557319223985891 0.7170138888888888 0.012345679012345678 0.005456349206349206
2 0.8225308641975309 0.6628224206349206 0.011904761904761904 0.004712301587301587
2 0.7286155202821869 0.7547123015873016 0.011022927689594356 0.00496031746031746
2 0.6997354497354498 0.7550843253968254 0.014991181657848324 0.003720238095238095
3 0.14153439153439154 0.29377480158730157 0.009700176366843033 0.004216269841269841
3 0.18342151675485008 0.26847718253968256 0.01146384479717813 0.003720238095238095
3 0.27292768959435626 0.27814980158730157 0.009700176366843033 0.005704365079365079
3 0.31966490299823636 0.26550099206349204 0.010582010582010581 0.004216269841269841
3 0.3273809523809524 0.30245535714285715 0.007495590828924162 0.005704365079365079
3 0.41005291005291006 0.22358630952380953 0.007936507936507936 0.005704365079365079
3 0.40057319223985893 0.21155753968253968 0.007495590828924162 0.005456349206349206
3 0.6375661375661376 0.2286706349206349 0.008818342151675485 0.005456349206349206
3 0.7431657848324515 0.2821180555555556 0.00837742504409171 0.005704365079365079
3 0.6609347442680776 0.3003472222222222 0.009700176366843033 0.005456349206349206
3 0.6192680776014109 0.30853174603174605 0.006613756613756613 0.006448412698412698
3 0.6069223985890653 0.2900545634920635 0.010141093474426807 0.004216269841269841
3 0.19201940035273368 0.3195684523809524 0.011022927689594356 0.004216269841269841
3 0.26344797178130513 0.3353174603174603 0.010141093474426807 0.003968253968253968
3 0.07054673721340388 0.41517857142857145 0.01146384479717813 0.005456349206349206
3 0.10846560846560846 0.4259672619047619 0.007054673721340388 0.005704365079365079
3 0.2583774250440917 0.4035218253968254 0.009700176366843033 0.00496031746031746
3 0.27336860670194 0.4148065476190476 0.01146384479717813 0.003224206349206349
3 0.2508818342151676 0.4646577380952381 0.007936507936507936 0.002728174603174603
3 0.164021164021164 0.46403769841269843 0.007936507936507936 0.003968253968253968
3 0.28505291005291006 0.4554811507936508 0.011022927689594356 0.004216269841269841
3 0.4080687830687831 0.3913690476190476 0.011022927689594356 0.004464285714285714
3 0.5097001763668431 0.3990575396825397 0.008818342151675485 0.005952380952380952
3 0.5315255731922398 0.42745535714285715 0.010141093474426807 0.002728174603174603
3 0.47530864197530864 0.41889880952380953 0.009700176366843033 0.005456349206349206
3 0.4263668430335097 0.4418402777777778 0.010582010582010581 0.003224206349206349
3 0.5063932980599647 0.458953373015873 0.011022927689594356 0.003720238095238095
3 0.6545414462081128 0.3196924603174603 0.005731922398589065 0.005952380952380952
3 0.7120811287477954 0.3396577380952381 0.008818342151675485 0.006696428571428571
3 0.7065696649029982 0.32242063492063494 0.009259259259259259 0.00496031746031746
3 0.841931216931217 0.3560267857142857 0.011904761904761904 0.004712301587301587
3 0.7372134038800705 0.3916170634920635 0.007936507936507936 0.004464285714285714
3 0.6935626102292769 0.40500992063492064 0.008818342151675485 0.00496031746031746
3 0.7281746031746031 0.45200892857142855 0.005731922398589065 0.005704365079365079
3 0.6942239858906526 0.44320436507936506 0.009259259259259259 0.004464285714285714
3 0.6887125220458554 0.4547371031746032 0.009700176366843033 0.004216269841269841
3 0.6787918871252204 0.46825396825396826 0.010141093474426807 0.004464285714285714
3 0.7638888888888888 0.4680059523809524 0.009259259259259259 0.004464285714285714
3 0.9464285714285714 0.40401785714285715 0.00837742504409171 0.003968253968253968
3 0.17239858906525574 0.5978422619047619 0.009700176366843033 0.006200396825396825
3 0.27116402116402116 0.6159474206349206 0.009700176366843033 0.004216269841269841
3 0.3150352733686067 0.4949156746031746 0.007495590828924162 0.005208333333333333
3 0.31966490299823636 0.5338541666666666 0.007936507936507936 0.006200396825396825
3 0.3287037037037037 0.5440228174603174 0.011022927689594356 0.004712301587301587
3 0.4349647266313933 0.5386904761904762 0.007495590828924162 0.005456349206349206
3 0.48500881834215165 0.5446428571428571 0.010582010582010581 0.00496031746031746
3 0.5291005291005291 0.6145833333333334 0.010582010582010581 0.004464285714285714
3 0.5740740740740741 0.5181051587301587 0.010582010582010581 0.004464285714285714
3 0.6157407407407407 0.5389384920634921 0.009259259259259259 0.005456349206349206
3 0.6179453262786596 0.5466269841269841 0.011022927689594356 0.004464285714285714
3 0.8154761904761905 0.6330605158730159 0.011022927689594356 0.004216269841269841
3 0.699294532627866 0.5740327380952381 0.01146384479717813 0.003224206349206349
3 0.7301587301587301 0.5639880952380952 0.010582010582010581 0.003968253968253968
3 0.76168430335097 0.5435267857142857 0.011022927689594356 0.004712301587301587
3 0.8209876543209876 0.5376984126984127 0.008818342151675485 0.003968253968253968
3 0.7572751322751323 0.6114831349206349 0.007495590828924162 0.004216269841269841
3 0.45987654320987653 0.6418650793650794 0.007054673721340388 0.003968253968253968