0 0.4468694885361552 0.23102678571428573 0.007495590828924162 0.006696428571428571
0 0.37279541446208114 0.2571924603174603 0.012786596119929453 0.004464285714285714
0 0.44312169312169314 0.2818700396825397 0.007936507936507936 0.005208333333333333
0 0.5108024691358025 0.28100198412698413 0.00837742504409171 0.005952380952380952
0 0.5524691358024691 0.31237599206349204 0.007936507936507936 0.006200396825396825
0 0.3048941798941799 0.3288690476190476 0.00837742504409171 0.005952380952380952
0 0.2021604938271605 0.3369295634920635 0.009259259259259259 0.005704365079365079
0 0.22508818342151676 0.33978174603174605 0.007495590828924162 0.006448412698412698
0 0.18298059964726632 0.3430059523809524 0.012345679012345678 0.003968253968253968
0 0.17261904761904762 0.35205853174603174 0.012786596119929453 0.004216269841269841
0 0.16556437389770723 0.3627232142857143 0.006613756613756613 0.007192460317460317
0 0.222663139329806 0.36396329365079366 0.008818342151675485 0.006696428571428571
0 0.27667548500881833 0.44518849206349204 0.009259259259259259 0.00744047619047619
0 0.2482363315696649 0.47160218253968256 0.012345679012345678 0.006200396825396825
0 0.20656966490299825 0.41021825396825395 0.009259259259259259 0.00496031746031746
0 0.18364197530864199 0.40414186507936506 0.007495590828924162 0.006200396825396825
0 0.38117283950617287 0.35032242063492064 0.011904761904761904 0.005704365079365079
0 0.4001322751322751 0.35813492063492064 0.011022927689594356 0.005456349206349206
0 0.4503968253968254 0.3602430555555556 0.012786596119929453 0.005208333333333333
0 0.4905202821869489 0.35342261904761907 0.00837742504409171 0.006944444444444444
0 0.5169753086419753 0.3714037698412698 0.010141093474426807 0.006696428571428571
0 0.541005291005291 0.38244047619047616 0.008818342151675485 0.006944444444444444
0 0.5619488536155203 0.40625 0.011022927689594356 0.005952380952380952
0 0.42592592592592593 0.4288194444444444 0.012345679012345678 0.005952380952380952
0 0.455026455026455 0.4460565476190476 0.014991181657848324 0.005704365079365079
0 0.3262786596119929 0.46068948412698413 0.009700176366843033 0.006696428571428571
0 0.527336860670194 0.44047619047619047 0.01146384479717813 0.00496031746031746
0 0.5436507936507936 0.44841269841269843 0.01146384479717813 0.006448412698412698
0 0.5542328042328042 0.4497767857142857 0.008818342151675485 0.006200396825396825
0 0.5306437389770723 0.4592013888888889 0.013668430335097001 0.003720238095238095
0 0.4246031746031746 0.47619047619047616 0.012345679012345678 0.004464285714285714
0 0.5681216931216931 0.3804563492063492 0.010141093474426807 0.006448412698412698
0 0.6205908289241623 0.3621031746031746 0.00837742504409171 0.006448412698412698
0 0.6025132275132276 0.3785962301587302 0.007495590828924162 0.007192460317460317
0 0.6909171075837742 0.3427579365079365 0.01146384479717813 0.004464285714285714
0 0.7292768959435626 0.34858630952380953 0.010582010582010581 0.006696428571428571
0 0.6668871252204586 0.3705357142857143 0.012786596119929453 0.005952380952380952
0 0.58994708994709 0.3888888888888889 0.009700176366843033 0.006944444444444444
0 0.5681216931216931 0.47160218253968256 0.00837742504409171 0.006696428571428571
0 0.6003086419753086 0.47358630952380953 0.006613756613756613 0.005208333333333333
0 0.8236331569664903 0.4703621031746032 0.010582010582010581 0.006696428571428571
0 0.718694885361552 0.451140873015873 0.01146384479717813 0.00496031746031746
0 0.6100088183421517 0.42757936507936506 0.012786596119929453 0.00496031746031746
0 0.5813492063492064 0.44642857142857145 0.00837742504409171 0.006944444444444444
0 0.1988536155202822 0.4836309523809524 0.009700176366843033 0.00744047619047619
0 0.21450617283950618 0.4914434523809524 0.012786596119929453 0.006200396825396825
0 0.22839506172839505 0.4885912698412698 0.010582010582010581 0.005952380952380952
0 0.2175925925925926 0.5151289682539683 0.009259259259259259 0.006448412698412698
0 0.22023809523809523 0.5266617063492064 0.011022927689594356 0.006200396825396825
0 0.24625220458553793 0.5219494047619048 0.009259259259259259 0.007688492063492063
0 0.1285273368606702 0.5834573412698413 0.011022927689594356 0.005704365079365079
0 0.27733686067019403 0.6003224206349206 0.009700176366843033 0.006200396825396825
0 0.3048941798941799 0.6165674603174603 0.010141093474426807 0.005456349206349206
0 0.29717813051146386 0.6039186507936508 0.013227513227513227 0.00496031746031746
0 0.3289241622574956 0.546875 0.009700176366843033 0.00496031746031746
0 0.31283068783068785 0.5334821428571429 0.007495590828924162 0.006944444444444444
0 0.29122574955908287 0.5363343253968254 0.011904761904761904 0.003720238095238095
0 0.33289241622574955 0.5288938492063492 0.014109347442680775 0.004712301587301587
0 0.41512345679012347 0.519593253968254 0.011022927689594356 0.00496031746031746
0 0.4638447971781305 0.49107142857142855 0.010582010582010581 0.005952380952380952
0 0.5059523809523809 0.490203373015873 0.012786596119929453 0.004216269841269841
0 0.5584215167548501 0.5031001984126984 0.007495590828924162 0.007192460317460317
0 0.5055114638447972 0.5031001984126984 0.010141093474426807 0.005208333333333333
0 0.4794973544973545 0.5140128968253969 0.010141093474426807 0.005208333333333333
0 0.4931657848324515 0.5155009920634921 0.012786596119929453 0.003720238095238095
0 0.5092592592592593 0.5125248015873016 0.007054673721340388 0.006200396825396825
0 0.5271164021164021 0.513640873015873 0.011022927689594356 0.00496031746031746
0 0.47685185185185186 0.5236855158730159 0.006613756613756613 0.007192460317460317
0 0.515652557319224 0.5409226190476191 0.010141093474426807 0.004464285714285714
0 0.5262345679012346 0.5450148809523809 0.007495590828924162 0.005704365079365079
0 0.4984567901234568 0.5522073412698413 0.009259259259259259 0.006696428571428571
0 0.40850970017636684 0.5580357142857143 0.006613756613756613 0.00744047619047619
0 0.41005291005291006 0.5880456349206349 0.012345679012345678 0.005456349206349206
0 0.4455467372134039 0.5616319444444444 0.012786596119929453 0.004712301587301587
0 0.4129188712522046 0.6101190476190477 0.011022927689594356 0.005456349206349206
0 0.41005291005291006 0.6222718253968254 0.01146384479717813 0.006944444444444444
0 0.4107142857142857 0.6336805555555556 0.00837742504409171 0.006944444444444444
0 0.3802910052910053 0.6292162698412699 0.011022927689594356 0.005952380952380952
0 0.45943562610229277 0.6346726190476191 0.007054673721340388 0.005952380952380952
0 0.45436507936507936 0.5915178571428571 0.011022927689594356 0.00496031746031746
0 0.4634038800705467 0.5817212301587301 0.006172839506172839 0.005704365079365079
0 0.4997795414462081 0.5776289682539683 0.009259259259259259 0.005952380952380952
0 0.5050705467372134 0.5705605158730159 0.013668430335097001 0.003720238095238095
0 0.527336860670194 0.5875496031746031 0.006172839506172839 0.006944444444444444
0 0.4947089947089947 0.6197916666666666 0.01146384479717813 0.005456349206349206
0 0.5319664902998237 0.619171626984127 0.009259259259259259 0.005704365079365079
0 0.6472663139329806 0.6217757936507936 0.01146384479717813 0.005952380952380952
0 0.578042328042328 0.6116071428571429 0.007936507936507936 0.006448412698412698
0 0.5747354497354498 0.595734126984127 0.011022927689594356 0.005456349206349206
0 0.5694444444444444 0.5806051587301587 0.011904761904761904 0.003968253968253968
0 0.5855379188712522 0.5714285714285714 0.012345679012345678 0.004464285714285714
0 0.8077601410934744 0.6005704365079365 0.009700176366843033 0.003720238095238095
0 0.7566137566137566 0.636780753968254 0.008818342151675485 0.007192460317460317
0 0.7358906525573192 0.5646081349206349 0.010582010582010581 0.006200396825396825
0 0.7806437389770723 0.5407986111111112 0.011904761904761904 0.004712301587301587
0 0.5798059964726632 0.5261656746031746 0.007936507936507936 0.007688492063492063
0 0.6474867724867724 0.5353422619047619 0.00837742504409171 0.007192460317460317
0 0.7059082892416225 0.5297619047619048 0.012345679012345678 0.003968253968253968
0 0.7638888888888888 0.5115327380952381 0.011022927689594356 0.005208333333333333
0 0.7896825396825397 0.503968253968254 0.006172839506172839 0.00744047619047619
0 0.8119488536155203 0.4836309523809524 0.009259259259259259 0.006448412698412698
0 0.783068783068783 0.48152281746031744 0.010582010582010581 0.004712301587301587
0 0.7634479717813051 0.48288690476190477 0.00837742504409171 0.006944444444444444
0 0.7164902998236331 0.48735119047619047 0.013227513227513227 0.00496031746031746
0 0.6642416225749559 0.4895833333333333 0.009259259259259259 0.004464285714285714
0 0.6481481481481481 0.49541170634920634 0.007936507936507936 0.007192460317460317
0 0.8981481481481481 0.5004960317460317 0.009700176366843033 0.005456349206349206
0 0.8939594356261023 0.5280257936507936 0.010141093474426807 0.005456349206349206
0 0.8461199294532628 0.5223214285714286 0.01146384479717813 0.005456349206349206
0 0.9054232804232805 0.5493551587301587 0.011022927689594356 0.003472222222222222
0 0.1748236331569665 0.6512896825396826 0.011022927689594356 0.003968253968253968
0 0.31988536155202824 0.673859126984127 0.011904761904761904 0.003968253968253968
0 0.38932980599647266 0.6550099206349206 0.010582010582010581 0.005952380952380952
0 0.39285714285714285 0.6767113095238095 0.012345679012345678 0.006200396825396825
0 0.4157848324514991 0.6860119047619048 0.010582010582010581 0.006944444444444444
0 0.3747795414462081 0.6975446428571429 0.008818342151675485 0.006696428571428571
0 0.3968253968253968 0.7140376984126984 0.010582010582010581 0.005952380952380952
0 0.4096119929453263 0.7315228174603174 0.009700176366843033 0.006696428571428571
0 0.30070546737213405 0.7220982142857143 0.010582010582010581 0.005704365079365079
0 0.39285714285714285 0.763640873015873 0.006172839506172839 0.006448412698412698
0 0.4087301587301587 0.7622767857142857 0.01146384479717813 0.005208333333333333
0 0.4931657848324515 0.7641369047619048 0.009259259259259259 0.005952380952380952
0 0.5227072310405644 0.7669890873015873 0.011904761904761904 0.005208333333333333
0 0.5158730158730159 0.7531001984126984 0.006172839506172839 0.006200396825396825
0 0.5383597883597884 0.7451636904761905 0.006172839506172839 0.006200396825396825
0 0.548721340388007 0.7123015873015873 0.011904761904761904 0.003968253968253968
0 0.4728835978835979 0.6634424603174603 0.011904761904761904 0.005456349206349206
0 0.5282186948853616 0.6521577380952381 0.006172839506172839 0.006696428571428571
0 0.7784391534391535 0.6954365079365079 0.00837742504409171 0.006448412698412698
0 0.8317901234567902 0.691468253968254 0.00837742504409171 0.00744047619047619
0 0.7453703703703703 0.7264384920634921 0.00837742504409171 0.006448412698412698
0 0.6675485008818343 0.7601686507936508 0.009700176366843033 0.006448412698412698
0 0.574294532627866 0.7495039682539683 0.011022927689594356 0.005456349206349206
0 0.607583774250441 0.7121775793650794 0.01146384479717813 0.005208333333333333
0 0.6051587301587301 0.668030753968254 0.009259259259259259 0.006200396825396825
0 0.597663139329806 0.6742311507936508 0.011022927689594356 0.004712301587301587
0 0.6979717813051146 0.6442212301587301 0.01146384479717813 0.004712301587301587
0 0.7083333333333334 0.6527777777777778 0.011022927689594356 0.004464285714285714
0 0.8802910052910053 0.6489335317460317 0.011022927689594356 0.007192460317460317
1 0.19995590828924162 0.3794642857142857 0.006613756613756613 0.003968253968253968
1 0.49603174603174605 0.3882688492063492 0.006172839506172839 0.003224206349206349
1 0.4012345679012346 0.47867063492063494 0.006172839506172839 0.003472222222222222
1 0.33619929453262787 0.591765873015873 0.01455026455026455 0.007936507936507936
1 0.519620811287478 0.5455109126984127 0.005731922398589065 0.003224206349206349
1 0.4929453262786596 0.6470734126984127 0.01146384479717813 0.005952380952380952
2 0.6633597883597884 0.3056795634920635 0.007495590828924162 0.007192460317460317
2 0.6033950617283951 0.32068452380952384 0.011022927689594356 0.005456349206349206
2 0.14153439153439154 0.37103174603174605 0.010582010582010581 0.00744047619047619
2 0.23236331569664903 0.3716517857142857 0.008818342151675485 0.006696428571428571
2 0.27799823633156967 0.3637152777777778 0.01455026455026455 0.004712301587301587
2 0.3020282186948854 0.3939732142857143 0.008818342151675485 0.006696428571428571
2 0.28880070546737213 0.4181547619047619 0.009700176366843033 0.006448412698412698
2 0.16909171075837742 0.42472718253968256 0.007495590828924162 0.006696428571428571
2 0.3578042328042328 0.33370535714285715 0.00837742504409171 0.005704365079365079
2 0.5145502645502645 0.337921626984127 0.013227513227513227 0.006696428571428571
2 0.5385802469135802 0.3758680555555556 0.011904761904761904 0.004712301587301587
2 0.4660493827160494 0.3976934523809524 0.008818342151675485 0.008680555555555556
2 0.7259700176366843 0.4078621031746032 0.00837742504409171 0.00818452380952381
2 0.7444885361552028 0.4115823412698413 0.007495590828924162 0.007688492063492063
2 0.7985008818342152 0.42373511904761907 0.010582010582010581 0.005704365079365079
2 0.6157407407407407 0.451140873015873 0.011022927689594356 0.005952380952380952
2 0.5696649029982364 0.4361359126984127 0.010582010582010581 0.006200396825396825
2 0.17195767195767195 0.48313492063492064 0.009700176366843033 0.006448412698412698
2 0.36948853615520283 0.543030753968254 0.010582010582010581 0.007192460317460317
2 0.6666666666666666 0.574280753968254 0.013227513227513227 0.004712301587301587
2 0.7940917107583775 0.6290922619047619 0.005291005291005291 0.007688492063492063
2 0.6058201058201058 0.49851190476190477 0.010582010582010581 0.004464285714285714
2 0.7471340388007055 0.48908730158730157 0.006613756613756613 0.006944444444444444
2 0.8941798941798942 0.494171626984127 0.01146384479717813 0.006696428571428571
2 0.8487654320987654 0.5525793650793651 0.010582010582010581 0.005952380952380952
2 0.871031746031746 0.5369543650793651 0.00837742504409171 0.005952380952380952
2 0.25639329805996475 0.6700148809523809 0.00837742504409171 0.007688492063492063
2 0.33487654320987653 0.6646825396825397 0.011022927689594356 0.00744047619047619
2 0.5346119929453262 0.6429811507936508 0.005731922398589065 0.008680555555555556
2 0.6375661375661376 0.7083333333333334 0.01146384479717813 0.006448412698412698
2 0.71494708994709 0.6737351190476191 0.011904761904761904 0.006200396825396825
2 0.8196649029982364 0.6644345238095238 0.010582010582010581 0.005456349206349206
2 0.7921075837742504 0.6892361111111112 0.011904761904761904 0.006448412698412698
2 0.800705467372134 0.6982886904761905 0.009700176366843033 0.007192460317460317
3 0.2967372134038801 0.23462301587301587 0.007054673721340388 0.003472222222222222
3 0.32275132275132273 0.30778769841269843 0.007936507936507936 0.00496031746031746
3 0.4880952380952381 0.24193948412698413 0.010582010582010581 0.005704365079365079
3 0.24448853615520283 0.43452380952380953 0.009259259259259259 0.00744047619047619
3 0.41622574955908287 0.32056051587301587 0.009700176366843033 0.006200396825396825
3 0.35978835978835977 0.34052579365079366 0.008818342151675485 0.005952380952380952
3 0.5242504409171076 0.3253968253968254 0.012345679012345678 0.00496031746031746
3 0.501984126984127 0.36731150793650796 0.011022927689594356 0.004464285714285714
3 0.43099647266313934 0.4133184523809524 0.026895943562610228 0.017609126984126984
3 0.47530864197530864 0.42584325396825395 0.01146384479717813 0.005952380952380952
3 0.5220458553791887 0.46850198412698413 0.026455026455026454 0.013888888888888888
3 0.7782186948853616 0.4592013888888889 0.012345679012345678 0.005208333333333333
3 0.2330246913580247 0.5796130952380952 0.010141093474426807 0.004464285714285714
3 0.32164902998236333 0.5926339285714286 0.011904761904761904 0.004216269841269841
3 0.31966490299823636 0.5355902777777778 0.007936507936507936 0.004712301587301587
3 0.3619929453262787 0.49789186507936506 0.009700176366843033 0.006696428571428571
3 0.4916225749559083 0.5076884920634921 0.008818342151675485 0.005952380952380952
3 0.5789241622574955 0.48586309523809523 0.01146384479717813 0.003968253968253968
3 0.6331569664902998 0.4991319444444444 0.01146384479717813 0.004712301587301587
3 0.6959876543209876 0.4911954365079365 0.007495590828924162 0.006696428571428571
3 0.29916225749559083 0.636656746031746 0.00837742504409171 0.00744047619047619
3 0.5661375661375662 0.7393353174603174 0.009700176366843033 0.005952380952380952