0 0.08267195767195767 0.3080357142857143 0.016313932980599646 0.006944444444444444
0 0.36596119929453264 0.26612103174603174 0.014109347442680775 0.00744047619047619
0 0.5542328042328042 0.2845982142857143 0.013227513227513227 0.007688492063492063
0 0.7843915343915344 0.2105654761904762 0.012345679012345678 0.006448412698412698
0 0.7705026455026455 0.19940476190476192 0.010141093474426807 0.004464285714285714
0 0.5950176366843033 0.28075396825396826 0.011904761904761904 0.005456349206349206
0 0.21296296296296297 0.37289186507936506 0.012345679012345678 0.006696428571428571
0 0.13271604938271606 0.4115823412698413 0.012345679012345678 0.007192460317460317
0 0.2682980599647266 0.40327380952380953 0.01455026455026455 0.008432539682539682
0 0.4933862433862434 0.333953373015873 0.01146384479717813 0.006200396825396825
0 0.38602292768959434 0.3959573412698413 0.013668430335097001 0.009176587301587302
0 0.6461640211640212 0.45969742063492064 0.013668430335097001 0.008680555555555556
0 0.642636684303351 0.49950396825396826 0.011904761904761904 0.007936507936507936
0 0.5 0.5073164682539683 0.014109347442680775 0.008680555555555556
0 0.4455467372134039 0.49032738095238093 0.012786596119929453 0.00744047619047619
0 0.544973544973545 0.5365823412698413 0.013227513227513227 0.006696428571428571
0 0.8190035273368607 0.5241815476190477 0.011022927689594356 0.007688492063492063
1 0.028439153439153438 0.2553323412698413 0.007495590828924162 0.004216269841269841
1 0.7533068783068783 0.1722470238095238 0.0048500881834215165 0.003720238095238095
1 0.21296296296296297 0.45796130952380953 0.014109347442680775 0.011160714285714286
1 0.3031305114638448 0.4660218253968254 0.011904761904761904 0.00744047619047619
1 0.25418871252204583 0.5523313492063492 0.01455026455026455 0.008432539682539682
1 0.2802028218694885 0.53125 0.011904761904761904 0.005952380952380952
1 0.32495590828924165 0.621031746031746 0.015873015873015872 0.007936507936507936
1 0.4468694885361552 0.6214037698412699 0.013668430335097001 0.00818452380952381
2 0.5473985890652557 0.14298115079365079 0.016313932980599646 0.010168650793650794
2 0.7411816578483245 0.08630952380952381 0.021164021164021163 0.006448412698412698
2 0.2054673721340388 0.2456597222222222 0.01675485008818342 0.009672619047619048
2 0.29210758377425045 0.26872519841269843 0.010141093474426807 0.010168650793650794
2 0.32451499118165783 0.3029513888888889 0.01675485008818342 0.007688492063492063
2 0.3273809523809524 0.31882440476190477 0.011022927689594356 0.009672619047619048
2 0.3948412698412698 0.3023313492063492 0.010141093474426807 0.010912698412698412
2 0.4071869488536155 0.33544146825396826 0.012786596119929453 0.009672619047619048
2 0.43716931216931215 0.3444940476190476 0.010141093474426807 0.010416666666666666
2 0.2976190476190476 0.3531746031746032 0.024691358024691357 0.00992063492063492
2 0.47442680776014107 0.31200396825396826 0.01675485008818342 0.006448412698412698
2 0.44775132275132273 0.2788938492063492 0.015432098765432098 0.008680555555555556
2 0.35692239858906527 0.22842261904761904 0.017195767195767195 0.007936507936507936
2 0.38756613756613756 0.23449900793650794 0.02292768959435626 0.006696428571428571
2 0.4146825396825397 0.23325892857142858 0.015432098765432098 0.009176587301587302
2 0.4627425044091711 0.23970734126984128 0.012786596119929453 0.013640873015873016
2 0.5074955908289241 0.22904265873015872 0.012345679012345678 0.00818452380952381
2 0.5518077601410935 0.2296626984126984 0.011904761904761904 0.00992063492063492
2 0.38470017636684306 0.1922123015873016 0.011904761904761904 0.010416666666666666
2 0.5879629629629629 0.25632440476190477 0.010141093474426807 0.009672619047619048
2 0.6309523809523809 0.2065972222222222 0.014991181657848324 0.007936507936507936
2 0.6741622574955908 0.29910714285714285 0.01675485008818342 0.00496031746031746
2 0.6311728395061729 0.24144345238095238 0.00837742504409171 0.007192460317460317
2 0.04585537918871252 0.3834325396825397 0.009700176366843033 0.009424603174603174
2 0.07936507936507936 0.3792162698412698 0.009700176366843033 0.011408730158730158
2 0.10559964726631393 0.3812003968253968 0.011022927689594356 0.00992063492063492
2 0.10207231040564374 0.35342261904761907 0.016313932980599646 0.00992063492063492
2 0.14263668430335097 0.3736359126984127 0.011904761904761904 0.011656746031746032
2 0.16843033509700175 0.37723214285714285 0.018518518518518517 0.007936507936507936
2 0.1761463844797178 0.34486607142857145 0.013668430335097001 0.011656746031746032
2 0.19400352733686066 0.34660218253968256 0.009700176366843033 0.011160714285714286
2 0.195326278659612 0.37537202380952384 0.012345679012345678 0.009176587301587302
2 0.08619929453262787 0.40935019841269843 0.011904761904761904 0.011160714285714286
2 0.19951499118165786 0.41369047619047616 0.02601410934744268 0.00744047619047619
2 0.24933862433862433 0.41803075396825395 0.018077601410934743 0.006696428571428571
2 0.26256613756613756 0.3861607142857143 0.018077601410934743 0.009424603174603174
2 0.20436507936507936 0.45709325396825395 0.011904761904761904 0.010912698412698412
2 0.4695767195767196 0.32862103174603174 0.014991181657848324 0.008432539682539682
2 0.44290123456790126 0.37512400793650796 0.010141093474426807 0.009176587301587302
2 0.46825396825396826 0.3792162698412698 0.012345679012345678 0.009424603174603174
2 0.4263668430335097 0.4154265873015873 0.01763668430335097 0.008928571428571428
2 0.44841269841269843 0.39992559523809523 0.012345679012345678 0.011160714285714286
2 0.5160934744268078 0.3974454365079365 0.018077601410934743 0.007192460317460317
2 0.41335978835978837 0.44543650793650796 0.013668430335097001 0.010416666666666666
2 0.4329805996472663 0.45262896825396826 0.010582010582010581 0.009424603174603174
2 0.43452380952380953 0.4677579365079365 0.015432098765432098 0.010912698412698412
2 0.31635802469135804 0.47470238095238093 0.010141093474426807 0.012896825396825396
2 0.552689594356261 0.46130952380952384 0.01984126984126984 0.00744047619047619
2 0.5712081128747796 0.32080853174603174 0.01984126984126984 0.005704365079365079
2 0.6468253968253969 0.36830357142857145 0.013227513227513227 0.009424603174603174
2 0.6369047619047619 0.3819444444444444 0.013668430335097001 0.011408730158730158
2 0.7630070546737213 0.4584573412698413 0.015432098765432098 0.01314484126984127
2 0.22134038800705466 0.5517113095238095 0.008818342151675485 0.01066468253968254
2 0.19466490299823633 0.5310019841269841 0.017195767195767195 0.00744047619047619
2 0.24713403880070547 0.5153769841269841 0.011904761904761904 0.011408730158730158
2 0.36000881834215165 0.4928075396825397 0.018077601410934743 0.005952380952380952
2 0.4675925925925926 0.5138888888888888 0.009259259259259259 0.011408730158730158
2 0.41688712522045857 0.5451388888888888 0.01455026455026455 0.007936507936507936
2 0.43694885361552027 0.5611359126984127 0.01675485008818342 0.007192460317460317
2 0.3939594356261023 0.5589037698412699 0.015432098765432098 0.009672619047619048
2 0.5824514991181657 0.6000744047619048 0.014991181657848324 0.009176587301587302
2 0.61331569664903 0.6187996031746031 0.01763668430335097 0.010416666666666666
2 0.6959876543209876 0.6029265873015873 0.012786596119929453 0.010912698412698412
2 0.6521164021164021 0.5756448412698413 0.01675485008818342 0.007936507936507936
2 0.6730599647266314 0.7315228174603174 0.011904761904761904 0.013640873015873016
2 0.7665343915343915 0.7452876984126984 0.012786596119929453 0.014384920634920634
2 0.7627865961199295 0.8019593253968254 0.02204585537918871 0.01066468253968254
2 0.7100970017636684 0.2740575396825397 0.017195767195767195 0.006448412698412698
2 0.9113756613756614 0.27976190476190477 0.023809523809523808 0.007936507936507936
3 0.12632275132275134 0.15476190476190477 0.015432098765432098 0.005456349206349206
3 0.5119047619047619 0.21081349206349206 0.01146384479717813 0.011408730158730158
3 0.8322310405643739 0.23970734126984128 0.009259259259259259 0.006696428571428571
3 0.4027777777777778 0.4053819444444444 0.016313932980599646 0.009176587301587302
3 0.45458553791887124 0.416046626984127 0.014991181657848324 0.007688492063492063