0 0.3262786596119929 0.3913690476190476 0.008818342151675485 0.00496031746031746
0 0.30930335097001765 0.42311507936507936 0.009259259259259259 0.00496031746031746
0 0.5222663139329806 0.3957093253968254 0.006613756613756613 0.005208333333333333
0 0.5291005291005291 0.4358878968253968 0.01146384479717813 0.006200396825396825
0 0.533289241622575 0.4427083333333333 0.010141093474426807 0.005952380952380952
0 0.5456349206349206 0.4650297619047619 0.007495590828924162 0.005456349206349206
0 0.5326278659611993 0.47507440476190477 0.009700176366843033 0.005208333333333333
0 0.6355820105820106 0.41220238095238093 0.009259259259259259 0.005456349206349206
0 0.6838624338624338 0.4289434523809524 0.008818342151675485 0.003720238095238095
0 0.6995149911816578 0.4289434523809524 0.007495590828924162 0.004712301587301587
0 0.6607142857142857 0.4645337301587302 0.009259259259259259 0.00496031746031746
0 0.6609347442680776 0.3400297619047619 0.007054673721340388 0.004464285714285714
0 0.691358024691358 0.3444940476190476 0.008818342151675485 0.005456349206349206
0 0.8813932980599647 0.40637400793650796 0.007936507936507936 0.005208333333333333
0 0.8884479717813051 0.4565972222222222 0.010582010582010581 0.005952380952380952
0 0.9367283950617284 0.4654017857142857 0.00837742504409171 0.004712301587301587
0 0.2927689594356261 0.4983878968253968 0.010582010582010581 0.004712301587301587
0 0.330026455026455 0.4990079365079365 0.010141093474426807 0.005952380952380952
0 0.3562610229276896 0.5119047619047619 0.007054673721340388 0.005456349206349206
0 0.3915343915343915 0.513640873015873 0.009700176366843033 0.005456349206349206
0 0.296957671957672 0.5138888888888888 0.011904761904761904 0.005456349206349206
0 0.25286596119929455 0.5146329365079365 0.011904761904761904 0.006448412698412698
0 0.2647707231040564 0.5234375 0.010141093474426807 0.005208333333333333
0 0.24757495590828923 0.5422867063492064 0.010141093474426807 0.006200396825396825
0 0.4451058201058201 0.5060763888888888 0.00837742504409171 0.005208333333333333
0 0.3013668430335097 0.6010664682539683 0.009259259259259259 0.005704365079365079
0 0.2925485008818342 0.6215277777777778 0.010141093474426807 0.005952380952380952
0 0.3220899470899471 0.6117311507936508 0.011022927689594356 0.005704365079365079
0 0.3357583774250441 0.6121031746031746 0.010141093474426807 0.00496031746031746
0 0.4018959435626102 0.6082589285714286 0.011022927689594356 0.005704365079365079
0 0.3664021164021164 0.5882936507936508 0.007936507936507936 0.00496031746031746
0 0.39969135802469136 0.5935019841269841 0.009259259259259259 0.00496031746031746
0 0.4113756613756614 0.5949900793650794 0.008818342151675485 0.00496031746031746
0 0.5650352733686067 0.5911458333333334 0.009259259259259259 0.006696428571428571
0 0.4642857142857143 0.5434027777777778 0.009700176366843033 0.005952380952380952
0 0.49360670194003525 0.5125248015873016 0.009259259259259259 0.005208333333333333
0 0.5218253968253969 0.5035962301587301 0.00837742504409171 0.005704365079365079
0 0.566358024691358 0.49516369047619047 0.009259259259259259 0.006200396825396825
0 0.5884038800705468 0.49813988095238093 0.010141093474426807 0.004712301587301587
0 0.578042328042328 0.5063244047619048 0.009700176366843033 0.006200396825396825
0 0.6373456790123457 0.4986359126984127 0.010141093474426807 0.005208333333333333
0 0.6197089947089947 0.5193452380952381 0.00837742504409171 0.005952380952380952
0 0.607583774250441 0.5298859126984127 0.008818342151675485 0.003720238095238095
0 0.6441798941798942 0.5182291666666666 0.012345679012345678 0.003224206349206349
0 0.6382275132275133 0.5713045634920635 0.010141093474426807 0.005208333333333333
0 0.7400793650793651 0.47978670634920634 0.010141093474426807 0.003720238095238095
0 0.5981040564373897 0.5962301587301587 0.009259259259259259 0.005952380952380952
0 0.6036155202821869 0.6034226190476191 0.009700176366843033 0.005952380952380952
0 0.5925925925925926 0.6184275793650794 0.01146384479717813 0.006696428571428571
0 0.6084656084656085 0.6150793650793651 0.008818342151675485 0.005456349206349206
0 0.6214726631393298 0.6150793650793651 0.010141093474426807 0.006944444444444444
0 0.6141975308641975 0.6254960317460317 0.007936507936507936 0.005456349206349206
0 0.7136243386243386 0.6090029761904762 0.00837742504409171 0.005704365079365079
0 0.7751322751322751 0.6247519841269841 0.007936507936507936 0.005456349206349206
0 0.7420634920634921 0.6393849206349206 0.010582010582010581 0.002976190476190476
0 0.8022486772486772 0.5438988095238095 0.005731922398589065 0.00496031746031746
0 0.8042328042328042 0.5512152777777778 0.007054673721340388 0.005208333333333333
0 0.849647266313933 0.5359623015873016 0.008818342151675485 0.003472222222222222
0 0.8635361552028219 0.5147569444444444 0.00837742504409171 0.004712301587301587
0 0.9029982363315696 0.566344246031746 0.007054673721340388 0.003720238095238095
0 0.41181657848324515 0.6808035714285714 0.008818342151675485 0.00496031746031746
0 0.48743386243386244 0.7270585317460317 0.00837742504409171 0.005208333333333333
0 0.5213844797178131 0.7889384920634921 0.011022927689594356 0.005952380952380952
0 0.5476190476190477 0.7873263888888888 0.007936507936507936 0.004712301587301587
0 0.5485008818342152 0.6908482142857143 0.007054673721340388 0.005704365079365079
0 0.5562169312169312 0.6786954365079365 0.010141093474426807 0.005704365079365079
0 0.46164021164021163 0.6421130952380952 0.010582010582010581 0.003968253968253968
0 0.474647266313933 0.6785714285714286 0.009259259259259259 0.005456349206349206
0 0.48236331569664903 0.6944444444444444 0.008818342151675485 0.005456349206349206
0 0.4748677248677249 0.6975446428571429 0.007054673721340388 0.005208333333333333
0 0.5304232804232805 0.7999751984126984 0.007054673721340388 0.006200396825396825
0 0.689373897707231 0.6700148809523809 0.006613756613756613 0.005704365079365079
1 0.47023809523809523 0.535218253968254 0.011022927689594356 0.005456349206349206
1 0.4398148148148148 0.6460813492063492 0.009259259259259259 0.00496031746031746
2 0.642636684303351 0.3108878968253968 0.005731922398589065 0.00818452380952381
2 0.2993827160493827 0.3758680555555556 0.01146384479717813 0.007192460317460317
2 0.2980599647266314 0.41889880952380953 0.014109347442680775 0.00496031746031746
2 0.4217372134038801 0.32217261904761907 0.013668430335097001 0.00496031746031746
2 0.5573192239858906 0.46242559523809523 0.012345679012345678 0.004712301587301587
2 0.2709435626102293 0.43117559523809523 0.00837742504409171 0.008680555555555556
2 0.6463844797178131 0.4412202380952381 0.007936507936507936 0.005952380952380952
2 0.802689594356261 0.45300099206349204 0.011022927689594356 0.003224206349206349
2 0.7991622574955908 0.45982142857142855 0.009259259259259259 0.00744047619047619
2 0.7839506172839507 0.4134424603174603 0.007054673721340388 0.00744047619047619
2 0.8425925925925926 0.3685515873015873 0.008818342151675485 0.007936507936507936
2 0.7927689594356261 0.3629712301587302 0.008818342151675485 0.006200396825396825
2 0.7175925925925926 0.3237847222222222 0.012786596119929453 0.004712301587301587
2 0.7422839506172839 0.32589285714285715 0.011904761904761904 0.003472222222222222
2 0.7347883597883598 0.3343253968253968 0.00837742504409171 0.005456349206349206
2 0.732363315696649 0.3506944444444444 0.01146384479717813 0.005456349206349206
2 0.7266313932980599 0.36148313492063494 0.006172839506172839 0.007192460317460317
2 0.8558201058201058 0.37189980158730157 0.008818342151675485 0.004712301587301587
2 0.8591269841269841 0.37686011904761907 0.009259259259259259 0.004712301587301587
2 0.8626543209876543 0.3958333333333333 0.011022927689594356 0.00496031746031746
2 0.9182098765432098 0.46279761904761907 0.00837742504409171 0.005952380952380952
2 0.1763668430335097 0.53125 0.015873015873015872 0.005456349206349206
2 0.3474426807760141 0.4851190476190476 0.015873015873015872 0.003968253968253968
2 0.24801587301587302 0.5939980158730159 0.016313932980599646 0.005456349206349206
2 0.25044091710758376 0.6075148809523809 0.012345679012345678 0.006696428571428571
2 0.44576719576719576 0.5809771825396826 0.014109347442680775 0.004712301587301587
2 0.4933862433862434 0.5235615079365079 0.010582010582010581 0.006944444444444444
2 0.6534391534391535 0.5081845238095238 0.013227513227513227 0.003968253968253968
2 0.8284832451499118 0.48660714285714285 0.01146384479717813 0.004464285714285714
2 0.6324955908289241 0.6294642857142857 0.009259259259259259 0.005952380952380952
2 0.6488095238095238 0.6075148809523809 0.010141093474426807 0.007192460317460317
2 0.7387566137566137 0.6343005952380952 0.006613756613756613 0.007192460317460317
2 0.7292768959435626 0.6359126984126984 0.012345679012345678 0.003968253968253968
2 0.7594797178130511 0.6180555555555556 0.009259259259259259 0.006448412698412698
2 0.7462522045855379 0.6014384920634921 0.006613756613756613 0.006944444444444444
2 0.7932098765432098 0.6396329365079365 0.007936507936507936 0.006448412698412698
2 0.7993827160493827 0.5564236111111112 0.012345679012345678 0.006200396825396825
2 0.8917548500881834 0.5040922619047619 0.011904761904761904 0.003720238095238095
2 0.9499559082892416 0.5096726190476191 0.013668430335097001 0.00496031746031746
2 0.9391534391534392 0.5198412698412699 0.010582010582010581 0.004464285714285714
2 0.9274691358024691 0.5406746031746031 0.009259259259259259 0.00496031746031746
2 0.9281305114638448 0.5592757936507936 0.007054673721340388 0.006448412698412698
2 0.8465608465608465 0.6370287698412699 0.009700176366843033 0.005208333333333333
2 0.8780864197530864 0.6380208333333334 0.009259259259259259 0.005208333333333333
2 0.25396825396825395 0.6376488095238095 0.014991181657848324 0.004464285714285714
2 0.22244268077601412 0.6593501984126984 0.013668430335097001 0.005208333333333333
2 0.2259700176366843 0.6729910714285714 0.011022927689594356 0.007688492063492063
2 0.24801587301587302 0.6685267857142857 0.01455026455026455 0.005208333333333333
2 0.3090828924162258 0.7096974206349206 0.014109347442680775 0.006696428571428571
2 0.33112874779541446 0.7090773809523809 0.014109347442680775 0.003968253968253968
2 0.40167548500881833 0.6863839285714286 0.012345679012345678 0.005208333333333333
2 0.37081128747795417 0.767609126984127 0.006172839506172839 0.006944444444444444
2 0.44312169312169314 0.802703373015873 0.007054673721340388 0.00818452380952381
2 0.7378747795414462 0.7142857142857143 0.007495590828924162 0.00744047619047619
2 0.6164021164021164 0.7434275793650794 0.014109347442680775 0.004712301587301587
3 0.53505291005291 0.37462797619047616 0.006613756613756613 0.006200396825396825
3 0.5599647266313933 0.3991815476190476 0.007054673721340388 0.006200396825396825
3 0.5242504409171076 0.4724702380952381 0.006172839506172839 0.005952380952380952
3 0.5972222222222222 0.45027281746031744 0.00837742504409171 0.005704365079365079
3 0.7100970017636684 0.4568452380952381 0.009259259259259259 0.003472222222222222
3 0.7261904761904762 0.44853670634920634 0.008818342151675485 0.004216269841269841
3 0.8090828924162258 0.4375 0.007936507936507936 0.004464285714285714
3 0.7934303350970018 0.4461805555555556 0.010141093474426807 0.003968253968253968
3 0.671957671957672 0.3382936507936508 0.009700176366843033 0.003968253968253968
3 0.7879188712522046 0.3392857142857143 0.006172839506172839 0.002976190476190476
3 0.7896825396825397 0.35106646825396826 0.008818342151675485 0.003224206349206349
3 0.8571428571428571 0.36681547619047616 0.005291005291005291 0.004464285714285714
3 0.9126984126984127 0.451140873015873 0.009700176366843033 0.003472222222222222
3 0.5178571428571429 0.5931299603174603 0.010141093474426807 0.004216269841269841
3 0.4323192239858907 0.5520833333333334 0.03747795414462081 0.01984126984126984
3 0.484347442680776 0.5626240079365079 0.03835978835978836 0.02058531746031746
3 0.5249118165784833 0.5550595238095238 0.01895943562610229 0.009424603174603174
3 0.5698853615520282 0.566344246031746 0.02601410934744268 0.013640873015873016
3 0.6124338624338624 0.5763888888888888 0.03439153439153439 0.016865079365079364
3 0.6962081128747796 0.5054563492063492 0.005291005291005291 0.005456349206349206
3 0.7085537918871252 0.5004960317460317 0.007054673721340388 0.00496031746031746
3 0.7250881834215167 0.5075644841269841 0.006613756613756613 0.004712301587301587
3 0.7458112874779541 0.49330357142857145 0.009259259259259259 0.004464285714285714
3 0.7372134038800705 0.5674603174603174 0.06525573192239859 0.032242063492063495
3 0.611331569664903 0.6423611111111112 0.00837742504409171 0.004464285714285714
3 0.687610229276896 0.6380208333333334 0.007495590828924162 0.005704365079365079
3 0.8335537918871252 0.6307043650793651 0.0048500881834215165 0.00496031746031746
3 0.843915343915344 0.6165674603174603 0.006172839506172839 0.005456349206349206
3 0.7958553791887125 0.5100446428571429 0.007054673721340388 0.005704365079365079
3 0.8073192239858906 0.5132688492063492 0.007936507936507936 0.004216269841269841
3 0.8176807760141094 0.5084325396825397 0.00837742504409171 0.002976190476190476
3 0.830026455026455 0.5006200396825397 0.007495590828924162 0.004216269841269841
3 0.8093033509700176 0.47606646825396826 0.006613756613756613 0.003720238095238095
3 0.857583774250441 0.5057043650793651 0.009700176366843033 0.00496031746031746
3 0.9230599647266314 0.5334821428571429 0.007495590828924162 0.010416666666666666
3 0.953042328042328 0.5291418650793651 0.007495590828924162 0.003224206349206349
3 0.8979276895943563 0.5710565476190477 0.006613756613756613 0.005208333333333333
3 0.9122574955908289 0.5813492063492064 0.007054673721340388 0.00496031746031746
3 0.8628747795414462 0.6277281746031746 0.007936507936507936 0.003472222222222222
3 0.35736331569664903 0.6875 0.006613756613756613 0.005952380952380952
3 0.4382716049382716 0.7585565476190477 0.008818342151675485 0.002728174603174603
3 0.4349647266313933 0.7741815476190477 0.006613756613756613 0.005208333333333333
3 0.5024250440917107 0.765625 0.009259259259259259 0.00496031746031746
3 0.5399029982363316 0.7750496031746031 0.006613756613756613 0.004464285714285714
3 0.5553350970017636 0.7357390873015873 0.007495590828924162 0.005704365079365079
3 0.5458553791887125 0.7234623015873016 0.006172839506172839 0.005456349206349206
3 0.5244708994708994 0.7170138888888888 0.00837742504409171 0.005456349206349206
3 0.517636684303351 0.669890873015873 0.007936507936507936 0.00496031746031746
3 0.5002204585537919 0.6587301587301587 0.006613756613756613 0.002976190476190476
3 0.5784832451499118 0.6772073412698413 0.008818342151675485 0.004216269841269841
3 0.6990740740740741 0.7451636904761905 0.00837742504409171 0.003224206349206349
3 0.7096560846560847 0.6817956349206349 0.006613756613756613 0.00496031746031746
3 0.8165784832451499 0.6781994047619048 0.008818342151675485 0.004712301587301587
3 0.8011463844797179 0.7008928571428571 0.007936507936507936 0.00496031746031746
3 0.8403880070546738 0.6919642857142857 0.007936507936507936 0.003472222222222222
3 0.656084656084656 0.6937003968253969 0.007054673721340388 0.003968253968253968
3 0.6179453262786596 0.6956845238095238 0.009259259259259259 0.003968253968253968
3 0.6419753086419753 0.7776537698412699 0.007054673721340388 0.004216269841269841