0 0.357390873015873 0.08531746031746032 0.00496031746031746 0.007495590828924162
0 0.3763640873015873 0.10626102292768959 0.005704365079365079 0.010582010582010581
0 0.4007936507936508 0.2034832451499118 0.005456349206349206 0.012786596119929453
0 0.373015873015873 0.27667548500881833 0.006944444444444444 0.012786596119929453
0 0.47705853174603174 0.2158289241622575 0.006200396825396825 0.011904761904761904
0 0.546875 0.12037037037037036 0.007936507936507936 0.007936507936507936
0 0.5904017857142857 0.1765873015873016 0.006200396825396825 0.011022927689594356
0 0.6166914682539683 0.19025573192239859 0.007192460317460317 0.00837742504409171
0 0.6783234126984127 0.19201940035273368 0.005952380952380952 0.013668430335097001
0 0.724578373015873 0.18121693121693122 0.004216269841269841 0.009700176366843033
0 0.31646825396825395 0.4113756613756614 0.005456349206349206 0.007054673721340388
0 0.4193948412698413 0.34501763668430335 0.005952380952380952 0.011904761904761904
0 0.44320436507936506 0.3392857142857143 0.00744047619047619 0.00837742504409171
0 0.48549107142857145 0.49713403880070545 0.004712301587301587 0.00837742504409171
0 0.5806051587301587 0.4415784832451499 0.005456349206349206 0.010141093474426807
0 0.5988343253968254 0.4444444444444444 0.006200396825396825 0.013227513227513227
0 0.5907738095238095 0.5044091710758377 0.006448412698412698 0.01146384479717813
0 0.5933779761904762 0.5343915343915344 0.006696428571428571 0.010582010582010581
0 0.5885416666666666 0.5414462081128748 0.006944444444444444 0.01146384479717813
0 0.5802331349206349 0.568342151675485 0.007192460317460317 0.009700176366843033
0 0.7220982142857143 0.29717813051146386 0.006696428571428571 0.010582010582010581
0 0.753968253968254 0.31238977072310403 0.00496031746031746 0.010141093474426807
0 0.7907986111111112 0.28174603174603174 0.007688492063492063 0.008818342151675485
0 0.7337549603174603 0.3630952380952381 0.005704365079365079 0.011904761904761904
0 0.7408234126984127 0.38095238095238093 0.003968253968253968 0.009700176366843033
0 0.6633184523809523 0.4045414462081129 0.007688492063492063 0.011904761904761904
0 0.6387648809523809 0.42658730158730157 0.00818452380952381 0.007495590828924162
0 0.7393353174603174 0.5271164021164021 0.007936507936507936 0.00837742504409171
0 0.7158978174603174 0.5504850088183422 0.006696428571428571 0.00837742504409171
0 0.8137400793650794 0.349647266313933 0.006944444444444444 0.009700176366843033
0 0.8566468253968254 0.3062169312169312 0.004464285714285714 0.00837742504409171
0 0.8598710317460317 0.4512786596119929 0.00496031746031746 0.00837742504409171
0 0.2326388888888889 0.6483686067019401 0.006448412698412698 0.010141093474426807
0 0.38293650793650796 0.6644620811287478 0.00496031746031746 0.01146384479717813
0 0.41431051587301587 0.6946649029982364 0.003224206349206349 0.010141093474426807
0 0.44556051587301587 0.6474867724867724 0.004216269841269841 0.009259259259259259
0 0.4398561507936508 0.8000440917107584 0.004712301587301587 0.011022927689594356
0 0.4929315476190476 0.5925925925925926 0.007192460317460317 0.007936507936507936
0 0.5003720238095238 0.5679012345679012 0.006696428571428571 0.010582010582010581
0 0.5978422619047619 0.7398589065255732 0.005704365079365079 0.010582010582010581
0 0.5280257936507936 0.814594356261023 0.004464285714285714 0.010141093474426807
0 0.5391865079365079 0.8317901234567902 0.00496031746031746 0.010141093474426807
0 0.7158978174603174 0.6695326278659612 0.006200396825396825 0.012786596119929453
0 0.6975446428571429 0.6477072310405644 0.006696428571428571 0.013227513227513227
0 0.6743551587301587 0.6219135802469136 0.005456349206349206 0.011022927689594356
0 0.8219246031746031 0.5793650793650794 0.00496031746031746 0.007936507936507936
0 0.28162202380952384 0.8738977072310405 0.004712301587301587 0.009700176366843033
0 0.28583829365079366 0.8721340388007055 0.005704365079365079 0.005291005291005291
0 0.47941468253968256 0.8738977072310405 0.00744047619047619 0.009700176366843033
0 0.4887152777777778 0.8659611992945326 0.004216269841269841 0.01146384479717813
0 0.6892361111111112 0.894620811287478 0.005952380952380952 0.010582010582010581
0 0.6034226190476191 0.9074074074074074 0.006944444444444444 0.010582010582010581
0 0.644469246031746 0.8913139329805997 0.006696428571428571 0.011022927689594356
0 0.5409226190476191 0.8847001763668431 0.004464285714285714 0.010141093474426807
0 0.535094246031746 0.9027777777777778 0.004216269841269841 0.009259259259259259
1 0.720734126984127 0.3851410934744268 0.002976190476190476 0.0048500881834215165
1 0.25669642857142855 0.7784391534391535 0.005456349206349206 0.010141093474426807
1 0.3914930555555556 0.6252204585537919 0.004216269841269841 0.008818342151675485
1 0.7012648809523809 0.7464726631393298 0.004712301587301587 0.010582010582010581
2 0.37810019841269843 0.07738095238095238 0.010168650793650794 0.010141093474426807
2 0.42063492063492064 0.11838624338624339 0.006448412698412698 0.01455026455026455
2 0.40773809523809523 0.19929453262786595 0.004464285714285714 0.015873015873015872
2 0.5517113095238095 0.16071428571428573 0.004712301587301587 0.012786596119929453
2 0.5514632936507936 0.19576719576719576 0.005704365079365079 0.01675485008818342
2 0.5990823412698413 0.1697530864197531 0.006200396825396825 0.015873015873015872
2 0.613343253968254 0.1611552028218695 0.006944444444444444 0.01455026455026455
2 0.6489335317460317 0.17195767195767195 0.007688492063492063 0.012345679012345678
2 0.6784474206349206 0.21935626102292768 0.005704365079365079 0.016313932980599646
2 0.3002232142857143 0.47795414462081126 0.007688492063492063 0.013227513227513227
2 0.40302579365079366 0.31900352733686066 0.005952380952380952 0.016313932980599646
2 0.4130704365079365 0.31812169312169314 0.004712301587301587 0.01455026455026455
2 0.4224950396825397 0.328042328042328 0.009176587301587302 0.008818342151675485
2 0.44518849206349204 0.4129188712522046 0.005456349206349206 0.01455026455026455
2 0.46205357142857145 0.46318342151675485 0.008432539682539682 0.00837742504409171
2 0.466765873015873 0.4801587301587302 0.008928571428571428 0.010582010582010581
2 0.5109126984126984 0.49272486772486773 0.006944444444444444 0.013668430335097001
2 0.5321180555555556 0.4096119929453263 0.004712301587301587 0.014991181657848324
2 0.5612599206349206 0.3447971781305115 0.006944444444444444 0.014991181657848324
2 0.5291418650793651 0.29056437389770723 0.009176587301587302 0.01146384479717813
2 0.5251736111111112 0.30886243386243384 0.008680555555555556 0.015432098765432098
2 0.5780009920634921 0.4010141093474427 0.005208333333333333 0.015432098765432098
2 0.5842013888888888 0.41380070546737213 0.008680555555555556 0.012786596119929453
2 0.589781746031746 0.42724867724867727 0.007936507936507936 0.012345679012345678
2 0.5918898809523809 0.48390652557319225 0.00818452380952381 0.011022927689594356
2 0.6593501984126984 0.32164902998236333 0.009176587301587302 0.013668430335097001
2 0.7208581349206349 0.45877425044091713 0.00818452380952381 0.011022927689594356
2 0.7270585317460317 0.4799382716049383 0.00818452380952381 0.013668430335097001
2 0.7579365079365079 0.48192239858906527 0.006448412698412698 0.014991181657848324
2 0.8263888888888888 0.37037037037037035 0.00744047619047619 0.013227513227513227
2 0.18588789682539683 0.6494708994708994 0.010168650793650794 0.008818342151675485
2 0.20560515873015872 0.6959876543209876 0.009424603174603174 0.007495590828924162
2 0.23028273809523808 0.7283950617283951 0.005704365079365079 0.015873015873015872
2 0.24268353174603174 0.6759259259259259 0.007192460317460317 0.015873015873015872
2 0.2943948412698413 0.6238977072310405 0.008432539682539682 0.010582010582010581
2 0.3236607142857143 0.5745149911816578 0.009424603174603174 0.010582010582010581
2 0.330109126984127 0.6556437389770723 0.008432539682539682 0.014109347442680775
2 0.3322172619047619 0.6845238095238095 0.006696428571428571 0.011904761904761904
2 0.35974702380952384 0.7107583774250441 0.007688492063492063 0.014109347442680775
2 0.3756200396825397 0.6571869488536155 0.006696428571428571 0.011904761904761904
2 0.3878968253968254 0.6190476190476191 0.007936507936507936 0.007054673721340388
2 0.37611607142857145 0.8176807760141094 0.006696428571428571 0.010141093474426807
2 0.3939732142857143 0.7932098765432098 0.003720238095238095 0.014109347442680775
2 0.41418650793650796 0.7574955908289241 0.006448412698412698 0.010582010582010581
2 0.4332837301587302 0.7742504409171076 0.008432539682539682 0.009700176366843033
2 0.44518849206349204 0.7711640211640212 0.008432539682539682 0.007936507936507936
2 0.6259920634920635 0.5981040564373897 0.006944444444444444 0.013668430335097001
2 0.49255952380952384 0.814373897707231 0.003968253968253968 0.01146384479717813
2 0.7681051587301587 0.6790123456790124 0.007936507936507936 0.014991181657848324
2 0.7509920634920635 0.7281746031746031 0.005456349206349206 0.015432098765432098
2 0.6752232142857143 0.7857142857142857 0.010168650793650794 0.008818342151675485
2 0.8432539682539683 0.5921516754850088 0.006448412698412698 0.009700176366843033
2 0.26525297619047616 0.8434744268077602 0.005704365079365079 0.013227513227513227
2 0.43861607142857145 0.8732363315696648 0.006696428571428571 0.007495590828924162
2 0.4742063492063492 0.8787477954144621 0.00496031746031746 0.010582010582010581
2 0.5130208333333334 0.8981481481481481 0.010168650793650794 0.007936507936507936
2 0.7151537698412699 0.8778659611992945 0.009672619047619048 0.010582010582010581
2 0.7287946428571429 0.8809523809523809 0.00818452380952381 0.01146384479717813
2 0.6116071428571429 0.9702380952380952 0.005952380952380952 0.015432098765432098
2 0.5469990079365079 0.8776455026455027 0.007192460317460317 0.016313932980599646
3 0.35900297619047616 0.1027336860670194 0.004712301587301587 0.013227513227513227
3 0.2898065476190476 0.49691358024691357 0.006200396825396825 0.006172839506172839
3 0.3039434523809524 0.4572310405643739 0.004712301587301587 0.006172839506172839
3 0.4976438492063492 0.5235890652557319 0.004216269841269841 0.009259259259259259
3 0.6619543650793651 0.47795414462081126 0.00496031746031746 0.008818342151675485
3 0.17559523809523808 0.5908289241622575 0.006448412698412698 0.006172839506172839
3 0.49962797619047616 0.8150352733686067 0.004712301587301587 0.015432098765432098
3 0.49342757936507936 0.7947530864197531 0.004216269841269841 0.012786596119929453
3 0.4966517857142857 0.8035714285714286 0.003720238095238095 0.013668430335097001
3 0.7374751984126984 0.6571869488536155 0.006696428571428571 0.013668430335097001
3 0.6883680555555556 0.6666666666666666 0.005704365079365079 0.007054673721340388
3 0.6938244047619048 0.5974426807760141 0.004216269841269841 0.008818342151675485