2 0.684375 0.73359375 0.03125 0.0265625
2 0.675 0.9671875 0.053125 0.01875
2 0.60859375 0.95 0.0390625 0.034375
2 0.5046875 0.94140625 0.03125 0.0328125
2 0.45234375 0.91171875 0.0203125 0.0359375
2 0.721875 0.559375 0.040625 0.021875
2 0.89296875 0.48671875 0.0234375 0.0390625
2 0.95859375 0.41640625 0.0296875 0.0265625
2 0.775 0.496875 0.028125 0.03125
2 0.74453125 0.51171875 0.0234375 0.0296875
2 0.71015625 0.50625 0.0265625 0.0125
2 0.61171875 0.746875 0.0234375 0.03125
2 0.5375 0.75 0.025 0.03125
3 0.88359375 0.678125 0.0171875 0.01875
3 0.98984375 0.7609375 0.0171875 0.028125