0 0.65625 0.5328125 0.028125 0.0375
1 0.84453125 0.1875 0.0265625 0.025
2 0.7640625 0.03359375 0.025 0.0359375
2 0.80546875 0.0234375 0.0328125 0.025
2 0.5328125 0.1203125 0.0375 0.0375
2 0.69296875 0.95859375 0.0203125 0.0453125
2 0.8828125 0.87265625 0.040625 0.0265625
2 0.60390625 0.59140625 0.0265625 0.0359375
2 0.50390625 0.67421875 0.0265625 0.0296875
2 0.6234375 0.203125 0.034375 0.01875
2 0.66953125 0.34921875 0.0296875 0.0359375
2 0.9078125 0.29140625 0.05 0.0203125
2 0.171875 0.134375 0.0375 0.025
2 0.17265625 0.3703125 0.0359375 0.028125
2 0.02109375 0.62109375 0.0203125 0.0453125
2 0.47421875 0.86171875 0.0421875 0.0234375
3 0.44609375 0.0828125 0.0296875 0.034375
3 0.54453125 0.66640625 0.0328125 0.0296875
3 0.41953125 0.46796875 0.0359375 0.0265625
3 0.98125 0.41796875 0.040625 0.1109375
3 0.71171875 0.16484375 0.0265625 0.0296875
3 0.7375 0.11484375 0.034375 0.0328125
3 0.33828125 0.8 0.0296875 0.034375
3 0.440625 0.31015625 0.015625 0.0171875
3 0.61640625 0.309375 0.0265625 0.03125