0 0.12890625 0.15546875 0.0359375 0.0390625
1 0.971875 0.73046875 0.01875 0.0171875
2 0.475 0.446875 0.025 0.046875
2 0.83515625 0.63359375 0.0203125 0.0359375
2 0.79140625 0.3984375 0.0359375 0.025
2 0.740625 0.74921875 0.053125 0.0171875
2 0.7546875 0.77265625 0.03125 0.0234375
3 0.3375 0.36484375 0.034375 0.0203125
3 0.25234375 0.48828125 0.0203125 0.0328125
3 0.3265625 0.50859375 0.025 0.0265625
3 0.58828125 0.3359375 0.0203125 0.021875
3 0.61796875 0.384375 0.0265625 0.03125
3 0.94609375 0.2046875 0.0140625 0.015625
3 0.890625 0.47734375 0.0375 0.0203125
3 0.98671875 0.26484375 0.0296875 0.0265625
3 0.3671875 0.79453125 0.021875 0.0265625
3 0.39140625 0.61640625 0.0265625 0.0234375
3 0.51484375 0.62890625 0.0359375 0.0234375
3 0.56640625 0.71796875 0.0359375 0.0234375