0 0.940625 0.053125 0.05 0.046875
0 0.75234375 0.24609375 0.0421875 0.0421875
1 0.0125 0.9 0.021875 0.021875
2 0.79921875 0.62265625 0.0640625 0.0515625
2 0.7953125 0.71875 0.06875 0.028125
2 0.97421875 0.69453125 0.0515625 0.0390625
2 0.77265625 0.40625 0.0453125 0.065625
2 0.75390625 0.4953125 0.0671875 0.0375
2 0.5828125 0.3140625 0.059375 0.03125
2 0.7640625 0.31171875 0.05 0.0453125
2 0.8328125 0.0703125 0.053125 0.059375
2 0.34140625 0.71015625 0.0359375 0.0578125
2 0.6296875 0.64140625 0.046875 0.0484375
2 0.815625 0.83828125 0.05625 0.0296875
2 0.5734375 0.37734375 0.06875 0.0453125
3 0.99296875 0.31015625 0.0171875 0.0453125
3 0.98046875 0.5296875 0.0390625 0.04375