2 0.71171875 0.375 0.0390625 0.034375
2 0.75234375 0.3609375 0.0234375 0.025
2 0.778125 0.44609375 0.028125 0.0203125
2 0.978125 0.45390625 0.040625 0.0296875
2 0.64765625 0.66875 0.0359375 0.034375
2 0.63515625 0.76796875 0.0265625 0.0359375
2 0.64140625 0.83828125 0.0390625 0.0234375
2 0.778125 0.7453125 0.0375 0.015625
2 0.82421875 0.83515625 0.0328125 0.0359375
2 0.68046875 0.89453125 0.0484375 0.0109375
2 0.56328125 0.6265625 0.0328125 0.03125
2 0.92421875 0.37421875 0.0296875 0.0328125
2 0.2625 0.715625 0.034375 0.03125
2 0.196875 0.90625 0.04375 0.021875
2 0.16640625 0.9734375 0.0453125 0.021875
3 0.8921875 0.54375 0.025 0.034375
3 0.915625 0.6265625 0.0125 0.01875
3 0.77265625 0.9359375 0.0109375 0.009375
3 0.69609375 0.84140625 0.0140625 0.0109375
3 0.72734375 0.80234375 0.0359375 0.0328125
3 0.94609375 0.99296875 0.0109375 0.0140625
3 0.49140625 0.78828125 0.0359375 0.0453125
3 0.75625 0.48828125 0.0125 0.0171875
3 0.85 0.4828125 0.009375 0.0125
3 0.72109375 0.471875 0.0140625 0.009375
3 0.55859375 0.66796875 0.0109375 0.0140625
3 0.353125 0.92421875 0.0125 0.0109375
3 0.20390625 0.93671875 0.0109375 0.0109375
3 0.3015625 0.92734375 0.0125 0.0109375
3 0.3046875 0.9828125 0.015625 0.0125