0 0.1171875 0.81484375 0.0375 0.0234375
0 0.140625 0.37734375 0.025 0.0296875
1 0.31953125 0.69296875 0.0359375 0.0359375
2 0.05 0.703125 0.01875 0.04375
2 0.21875 0.634375 0.0375 0.03125
2 0.63046875 0.6765625 0.0140625 0.028125
2 0.6046875 0.38984375 0.025 0.0390625
2 0.97578125 0.5234375 0.0359375 0.034375
2 0.384375 0.978125 0.028125 0.028125
2 0.50234375 0.29453125 0.0265625 0.0390625
2 0.64140625 0.2 0.0359375 0.03125
2 0.7515625 0.303125 0.03125 0.028125
2 0.80546875 0.353125 0.0296875 0.028125
2 0.86171875 0.3703125 0.0234375 0.0375
2 0.20859375 0.2375 0.0328125 0.025
3 0.071875 0.62890625 0.025 0.0328125
3 0.13203125 0.4046875 0.0234375 0.025
3 0.284375 0.37890625 0.03125 0.0234375
3 0.87890625 0.5921875 0.0328125 0.025
3 0.9296875 0.4765625 0.028125 0.01875
3 0.48515625 0.67109375 0.0140625 0.0171875
3 0.51796875 0.659375 0.0140625 0.0125
3 0.53671875 0.746875 0.0140625 0.01875
3 0.4671875 0.62734375 0.0125 0.0140625
3 0.4109375 0.56015625 0.015625 0.0171875
3 0.353125 0.53828125 0.0125 0.0109375
3 0.76484375 0.49453125 0.0140625 0.0140625
3 0.69765625 0.48671875 0.0109375 0.0140625
3 0.715625 0.49453125 0.009375 0.0109375
3 0.62734375 0.49765625 0.0109375 0.0109375
3 0.365625 0.18125 0.01875 0.0125
3 0.39921875 0.2515625 0.0234375 0.015625
3 0.446875 0.178125 0.01875 0.015625
3 0.97109375 0.6921875 0.0203125 0.015625
3 0.49921875 0.359375 0.0140625 0.009375
3 0.6390625 0.33125 0.0125 0.0125
3 0.5 0.484375 0.015625 0.009375