1 0.046875 0.14453125 0.0375 0.0359375
1 0.21953125 0.13046875 0.0359375 0.0359375
1 0.16875 0.459375 0.0375 0.0375
1 0.20390625 0.49921875 0.0359375 0.0359375
1 0.2375 0.4796875 0.034375 0.0375
1 0.265625 0.41640625 0.0375 0.0359375
1 0.05546875 0.659375 0.0328125 0.03125
1 0.01875 0.80625 0.034375 0.0375
1 0.203125 0.82109375 0.0375 0.0359375
1 0.29453125 0.76171875 0.0390625 0.0390625
1 0.98203125 0.51484375 0.0296875 0.0328125
1 0.88828125 0.93125 0.0359375 0.040625
1 0.6765625 0.84296875 0.040625 0.0359375
1 0.7109375 0.94296875 0.040625 0.0390625
1 0.3640625 0.846875 0.034375 0.0375
1 0.40625 0.6859375 0.040625 0.0375
1 0.44140625 0.38671875 0.0359375 0.0359375
1 0.5890625 0.32265625 0.040625 0.0359375
1 0.7765625 0.3453125 0.04375 0.040625
1 0.82421875 0.26484375 0.0390625 0.0390625
1 0.64453125 0.15390625 0.0328125 0.0328125
1 0.51484375 0.2078125 0.0359375 0.034375
1 0.6703125 0.015625 0.034375 0.028125
1 0.95 0.10703125 0.040625 0.0359375
1 0.16875 0.596875 0.034375 0.034375
1 0.66953125 0.08671875 0.0390625 0.0390625
1 0.28046875 0.8828125 0.0390625 0.0375
1 0.25859375 0.34453125 0.0359375 0.0265625
1 0.63203125 0.46796875 0.0421875 0.0421875
1 0.8078125 0.7078125 0.040625 0.04375
1 0.03515625 0.3375 0.0421875 0.04375
2 0.1265625 0.11953125 0.05625 0.0546875
2 0.24609375 0.12421875 0.0453125 0.0515625
2 0.09140625 0.16875 0.0296875 0.065625
2 0.15390625 0.20078125 0.0359375 0.0546875
2 0.11328125 0.30234375 0.0421875 0.0640625
2 0.08515625 0.346875 0.0609375 0.034375
2 0.23125 0.4375 0.05625 0.053125
2 0.2390625 0.55234375 0.025 0.0671875
2 0.3234375 0.55390625 0.034375 0.0671875
2 0.3734375 0.56875 0.04375 0.065625
2 0.3 0.63828125 0.075 0.0359375
2 0.2109375 0.63046875 0.053125 0.0203125
2 0.15625 0.65234375 0.065625 0.0296875
2 0.14140625 0.69609375 0.0296875 0.0609375
2 0.48984375 0.6234375 0.0421875 0.0625
2 0.59375 0.5640625 0.028125 0.06875
2 0.7171875 0.49296875 0.034375 0.0640625
2 0.68203125 0.6484375 0.0234375 0.06875
2 0.71015625 0.675 0.0328125 0.053125
2 0.8203125 0.5921875 0.03125 0.065625
2 0.8953125 0.60546875 0.028125 0.0609375
2 0.75625 0.71796875 0.06875 0.0359375
2 0.8515625 0.69375 0.03125 0.065625
2 0.9734375 0.6296875 0.028125 0.06875
2 0.77734375 0.75859375 0.0484375 0.0296875
2 0.88984375 0.78515625 0.0265625 0.0640625
2 0.87734375 0.84609375 0.0390625 0.0578125
2 0.81796875 0.8234375 0.0328125 0.06875
2 0.74921875 0.81484375 0.0390625 0.0640625
2 0.82109375 0.91328125 0.0328125 0.0734375
2 0.74296875 0.94609375 0.0265625 0.0703125
2 0.4 0.95546875 0.025 0.0671875
2 0.32109375 0.8375 0.0609375 0.046875
2 0.903125 0.0703125 0.04375 0.059375
2 0.79140625 0.19609375 0.0578125 0.0390625
2 0.809375 0.29921875 0.04375 0.0546875
2 0.52734375 0.03125 0.0578125 0.046875
2 0.67109375 0.3390625 0.0359375 0.059375
2 0.728125 0.35625 0.046875 0.053125
2 0.79453125 0.98046875 0.0484375 0.0359375
3 0.9265625 0.27734375 0.140625 0.1515625
3 0.8671875 0.64921875 0.05 0.0234375