0 0.834375 0.55625 0.0375 0.03125
0 0.8234375 0.68203125 0.021875 0.0296875
0 0.83515625 0.89296875 0.0296875 0.0328125
0 0.7375 0.90546875 0.03125 0.0328125
0 0.7421875 0.775 0.03125 0.0375
0 0.265625 0.846875 0.03125 0.028125
0 0.0640625 0.7875 0.025 0.028125
0 0.34140625 0.0703125 0.0296875 0.028125
0 0.38984375 0.06015625 0.0359375 0.0296875
0 0.53046875 0.01171875 0.0328125 0.0203125
0 0.59375 0.05625 0.03125 0.028125
0 0.82578125 0.196875 0.0328125 0.034375
0 0.78671875 0.36484375 0.0328125 0.0296875
0 0.09140625 0.09296875 0.0359375 0.0234375
0 0.57890625 0.08515625 0.0359375 0.0203125
1 0.9703125 0.275 0.028125 0.03125
1 0.765625 0.684375 0.01875 0.025
2 0.23828125 0.8875 0.0265625 0.04375
2 0.89921875 0.19375 0.0390625 0.03125
2 0.65625 0.71171875 0.01875 0.0515625
2 0.31640625 0.9828125 0.0453125 0.021875
3 0.77421875 0.09453125 0.0390625 0.0328125
3 0.8296875 0.79375 0.0125 0.0125