0 0.88671875 0.42265625 0.0359375 0.0296875
2 0.20625 0.77890625 0.03125 0.0453125
2 0.0265625 0.83515625 0.034375 0.0359375
2 0.18125 0.4578125 0.0375 0.025
2 0.2796875 0.53515625 0.034375 0.0359375
2 0.259375 0.33984375 0.015625 0.0421875
2 0.12421875 0.3796875 0.0265625 0.0375
2 0.7640625 0.73046875 0.0375 0.0203125
2 0.984375 0.63828125 0.025 0.0359375
2 0.58828125 0.68515625 0.0296875 0.0390625
2 0.35703125 0.93515625 0.0390625 0.0265625
3 0.853125 0.4109375 0.01875 0.021875
3 0.859375 0.4640625 0.01875 0.021875
3 0.9078125 0.45390625 0.0125 0.0171875
3 0.90234375 0.5671875 0.0109375 0.025
3 0.74453125 0.7484375 0.0171875 0.015625
3 0.56328125 0.78359375 0.0140625 0.0234375
3 0.52890625 0.853125 0.0140625 0.0125
3 0.62578125 0.8078125 0.0140625 0.009375
3 0.11796875 0.6265625 0.0171875 0.015625
3 0.23671875 0.58046875 0.0140625 0.0171875
3 0.090625 0.546875 0.034375 0.05
3 0.8125 0.8625 0.040625 0.025