0 0.7171875 0.45 0.034375 0.0375
0 0.3578125 0.1359375 0.03125 0.0375
1 0.87578125 0.9890625 0.0359375 0.025
2 0.45625 0.728125 0.028125 0.040625
2 0.4 0.6703125 0.028125 0.034375
2 0.49921875 0.87421875 0.0453125 0.0203125
2 0.3921875 0.94921875 0.021875 0.0390625
2 0.434375 0.96875 0.0375 0.03125
2 0.69609375 0.85859375 0.0421875 0.0296875
2 0.8484375 0.846875 0.053125 0.028125
2 0.90625 0.871875 0.040625 0.01875
2 0.85546875 0.27109375 0.0265625 0.0421875
2 0.9125 0.234375 0.025 0.034375
2 0.02265625 0.03671875 0.0296875 0.0328125
2 0.13671875 0.2421875 0.0203125 0.03125
2 0.11484375 0.68984375 0.0453125 0.0265625
2 0.2046875 0.91640625 0.025 0.0359375
2 0.23671875 0.88125 0.0359375 0.028125
2 0.2796875 0.97265625 0.040625 0.0171875
2 0.0375 0.875 0.025 0.040625
2 0.02890625 0.93984375 0.0421875 0.0265625
2 0.6515625 0.69765625 0.0375 0.0234375
2 0.41796875 0.3796875 0.0203125 0.040625
2 0.17578125 0.44609375 0.0421875 0.0234375
2 0.54921875 0.709375 0.0265625 0.03125
3 0.81171875 0.06015625 0.0453125 0.0265625
3 0.23515625 0.90546875 0.0234375 0.0171875
3 0.82890625 0.35703125 0.0234375 0.0203125
3 0.87578125 0.49375 0.0203125 0.01875
3 0.85625 0.62109375 0.0125 0.0234375
3 0.73671875 0.684375 0.0234375 0.015625
3 0.98203125 0.5875 0.0203125 0.03125
3 0.415625 0.459375 0.01875 0.028125
3 0.37421875 0.365625 0.0515625 0.05