0 0.028125 0.196875 0.028125 0.03125
0 0.221875 0.29453125 0.025 0.0265625
0 0.54765625 0.48671875 0.0296875 0.0265625
0 0.5390625 0.52890625 0.03125 0.0328125
0 0.5078125 0.64140625 0.025 0.0265625
0 0.63203125 0.52109375 0.0265625 0.0359375
0 0.6515625 0.7546875 0.025 0.03125
0 0.65078125 0.803125 0.0265625 0.034375
0 0.58671875 0.87578125 0.0328125 0.0234375
0 0.715625 0.90625 0.03125 0.034375
0 0.8453125 0.3078125 0.025 0.0375
0 0.03515625 0.55546875 0.0296875 0.0328125
0 0.025 0.68125 0.034375 0.025
0 0.0359375 0.89375 0.03125 0.03125
1 0.17109375 0.27734375 0.0203125 0.0234375
1 0.86953125 0.384375 0.0234375 0.025
1 0.23828125 0.1375 0.0265625 0.025
1 0.54921875 0.8140625 0.0265625 0.03125
2 0.1015625 0.196875 0.040625 0.0375
2 0.46328125 0.3640625 0.0203125 0.05
3 0.29453125 0.08828125 0.0453125 0.0609375
3 0.34296875 0.2265625 0.1203125 0.128125
3 0.27734375 0.41328125 0.1203125 0.1359375
3 0.94375 0.11484375 0.01875 0.0203125
3 0.95 0.175 0.01875 0.025
3 0.03125 0.7921875 0.015625 0.01875
3 0.13984375 0.93125 0.0109375 0.015625
3 0.13984375 0.97578125 0.0109375 0.0109375
3 0.53359375 0.10390625 0.0359375 0.0359375
3 0.42578125 0.02578125 0.0203125 0.0140625