0 0.5296875 0.7515625 0.046875 0.046875
0 0.71953125 0.49140625 0.0359375 0.0328125
1 0.87421875 0.19765625 0.0328125 0.0328125
1 0.80234375 0.946875 0.0265625 0.025
1 0.46015625 0.25 0.0359375 0.040625
2 0.22578125 0.63203125 0.0484375 0.0328125
2 0.24453125 0.778125 0.0234375 0.03125
2 0.13046875 0.7625 0.0265625 0.040625
2 0.1734375 0.81171875 0.021875 0.0296875
2 0.1640625 0.83671875 0.046875 0.0203125
2 0.17578125 0.9140625 0.0203125 0.034375
2 0.0734375 0.475 0.021875 0.034375
2 0.3125 0.49453125 0.040625 0.0203125
2 0.3359375 0.36328125 0.021875 0.0359375
2 0.465625 0.303125 0.03125 0.021875
2 0.52734375 0.33203125 0.0328125 0.0390625
2 0.43828125 0.171875 0.0328125 0.034375
2 0.50546875 0.07421875 0.0453125 0.0203125
2 0.7 0.0609375 0.034375 0.025
2 0.97734375 0.2703125 0.0265625 0.04375
2 0.90703125 0.07421875 0.0359375 0.0171875
2 0.8515625 0.05078125 0.046875 0.0296875
2 0.78984375 0.4890625 0.0453125 0.025
2 0.9296875 0.56484375 0.034375 0.0328125
2 0.7609375 0.59375 0.034375 0.0375
2 0.98203125 0.75859375 0.0296875 0.0328125
2 0.684375 0.86484375 0.025 0.0390625
2 0.603125 0.89296875 0.025 0.0421875
2 0.58125 0.95390625 0.03125 0.0265625
2 0.53515625 0.8046875 0.0234375 0.04375
2 0.64140625 0.47890625 0.0328125 0.0421875
2 0.50390625 0.48828125 0.0328125 0.0421875
2 0.70390625 0.19453125 0.0296875 0.0453125
2 0.7984375 0.31171875 0.040625 0.0296875
2 0.39296875 0.15234375 0.0234375 0.0453125
2 0.23203125 0.0765625 0.0421875 0.03125
2 0.20390625 0.11640625 0.0265625 0.0328125
2 0.27734375 0.17265625 0.0390625 0.0265625
2 0.0375 0.07578125 0.028125 0.0359375
2 0.028125 0.140625 0.0375 0.021875
2 0.04765625 0.19453125 0.0171875 0.0390625
3 0.096875 0.265625 0.0375 0.034375
3 0.03671875 0.24921875 0.0296875 0.0234375
3 0.0140625 0.20234375 0.03125 0.0234375
3 0.8125 0.88203125 0.046875 0.0234375
3 0.2359375 0.10546875 0.025 0.0234375