1 0.36484375 0.109375 0.0390625 0.0375
1 0.38046875 0.04921875 0.0390625 0.0421875
1 0.6046875 0.30078125 0.040625 0.0453125
1 0.20703125 0.37421875 0.0453125 0.0421875
1 0.08828125 0.13125 0.0359375 0.040625
1 0.828125 0.1421875 0.040625 0.04375
1 0.72890625 0.1453125 0.0390625 0.0375
1 0.02109375 0.28984375 0.0296875 0.0359375
1 0.58046875 0.42890625 0.0390625 0.0421875
1 0.875 0.46796875 0.034375 0.0359375
1 0.6140625 0.80859375 0.01875 0.0171875
1 0.8046875 0.04375 0.04375 0.040625
1 0.28203125 0.07421875 0.0484375 0.0421875
2 0.02109375 0.02890625 0.0359375 0.0578125
2 0.0765625 0.04453125 0.0375 0.0546875
2 0.02265625 0.115625 0.0328125 0.071875
2 0.41640625 0.1359375 0.0390625 0.0625
2 0.45546875 0.159375 0.0640625 0.03125
2 0.215625 0.19375 0.034375 0.071875
2 0.71640625 0.18203125 0.0484375 0.0515625
2 0.8125 0.63359375 0.034375 0.0734375
2 0.78984375 0.246875 0.0328125 0.075
3 0.3796875 0.86328125 0.046875 0.0390625
3 0.784375 0.46328125 0.0375 0.0546875
3 0.6765625 0.25546875 0.08125 0.0890625
3 0.5171875 0.30625 0.053125 0.09375
3 0.48984375 0.63828125 0.0484375 0.0421875
3 0.5484375 0.675 0.0625 0.0375
3 0.60859375 0.6734375 0.0421875 0.046875
3 0.14375 0.53828125 0.05 0.0984375
3 0.23125 0.08203125 0.059375 0.0515625