0 0.59140625 0.18359375 0.0296875 0.0390625
0 0.58203125 0.23046875 0.0296875 0.0328125
0 0.90234375 0.075 0.0328125 0.0375
0 0.771875 0.29140625 0.03125 0.0265625
0 0.6125 0.36484375 0.03125 0.0265625
0 0.75234375 0.38046875 0.0296875 0.0296875
0 0.44609375 0.4671875 0.0390625 0.028125
0 0.20859375 0.86015625 0.0296875 0.0171875
0 0.18203125 0.453125 0.0234375 0.03125
2 0.2359375 0.96328125 0.025 0.0421875
2 0.30546875 0.8609375 0.0421875 0.021875
2 0.503125 0.646875 0.025 0.046875
2 0.18359375 0.2 0.0296875 0.028125
2 0.47890625 0.36796875 0.0265625 0.0359375
2 0.02421875 0.53046875 0.0203125 0.0328125
3 0.05625 0.9296875 0.028125 0.01875
3 0.3140625 0.60078125 0.03125 0.0296875
3 0.69609375 0.49296875 0.0171875 0.0171875
3 0.00625 0.09375 0.0125 0.040625
3 0.6328125 0.28828125 0.021875 0.0265625
3 0.2640625 0.35234375 0.015625 0.0140625