0 0.2140625 0.26796875 0.034375 0.0390625
0 0.5921875 0.07890625 0.040625 0.0265625
0 0.71484375 0.10859375 0.0234375 0.0328125
0 0.03671875 0.0953125 0.0296875 0.03125
0 0.0421875 0.25 0.034375 0.0375
0 0.09609375 0.20703125 0.0296875 0.0359375
1 0.390625 0.35625 0.021875 0.028125
2 0.628125 0.2578125 0.034375 0.040625
2 0.8171875 0.24375 0.01875 0.046875
2 0.95546875 0.35625 0.0265625 0.046875
2 0.54140625 0.26171875 0.0296875 0.0546875
2 0.14609375 0.5203125 0.0359375 0.05
3 0.140625 0.13359375 0.0125 0.0203125
3 0.14296875 0.17890625 0.0140625 0.0140625
3 0.57890625 0.40234375 0.0140625 0.0140625
3 0.5890625 0.4609375 0.01875 0.021875
3 0.88046875 0.19375 0.0140625 0.021875
3 0.57109375 0.03046875 0.0140625 0.0140625