0 0.03984375 0.1046875 0.0296875 0.034375
0 0.0953125 0.0625 0.034375 0.03125
0 0.21171875 0.121875 0.0328125 0.03125
2 0.14609375 0.3765625 0.0265625 0.046875
2 0.54140625 0.11875 0.0265625 0.05
2 0.62578125 0.1140625 0.0359375 0.040625
2 0.8171875 0.09765625 0.021875 0.0453125
2 0.95234375 0.21171875 0.0296875 0.0453125
3 0.88046875 0.04921875 0.0171875 0.0203125
3 0.57890625 0.259375 0.0203125 0.015625
3 0.59296875 0.31953125 0.0171875 0.0203125
3 0.1421875 0.034375 0.015625 0.01875
3 0.38828125 0.2109375 0.0234375 0.03125