0 0.96953125 0.8984375 0.0265625 0.034375
0 0.95859375 0.803125 0.0328125 0.028125
0 0.2765625 0.7734375 0.025 0.03125
0 0.353125 0.8 0.03125 0.021875
1 0.8859375 0.63359375 0.025 0.0234375
2 0.6359375 0.7765625 0.028125 0.01875
2 0.684375 0.56171875 0.025 0.0484375
2 0.50078125 0.128125 0.0390625 0.021875
2 0.01796875 0.30546875 0.0296875 0.0234375
2 0.00703125 0.15625 0.0171875 0.046875
2 0.02578125 0.115625 0.0171875 0.028125
2 0.22265625 0.909375 0.0359375 0.021875
2 0.8234375 0.96328125 0.021875 0.0234375
2 0.884375 0.8296875 0.03125 0.01875
2 0.6953125 0.2671875 0.01875 0.028125
2 0.22421875 0.3 0.0328125 0.01875
2 0.29375 0.22890625 0.021875 0.0296875
2 0.371875 0.42109375 0.021875 0.0234375
2 0.3828125 0.55546875 0.021875 0.0171875
2 0.55625 0.80703125 0.03125 0.0234375
2 0.51796875 0.88671875 0.0265625 0.0265625
2 0.26484375 0.6921875 0.0234375 0.021875
3 0.1375 0.06796875 0.01875 0.0265625
3 0.121875 0.45234375 0.01875 0.0203125
3 0.17109375 0.76328125 0.0265625 0.0203125
3 0.1484375 0.9703125 0.01875 0.025
3 0.14453125 0.9140625 0.0140625 0.015625
3 0.33828125 0.41171875 0.0109375 0.0140625
3 0.4953125 0.8625 0.015625 0.015625
3 0.1875 0.73671875 0.0125 0.0109375
3 0.8984375 0.46953125 0.025 0.0265625
3 0.04921875 0.578125 0.0328125 0.01875