0 0.6814373897707231 0.08940972222222222 0.010141093474426807 0.005704365079365079
0 0.8604497354497355 0.22581845238095238 0.010141093474426807 0.004712301587301587
0 0.5974426807760141 0.23313492063492064 0.01146384479717813 0.005952380952380952
0 0.5555555555555556 0.2647569444444444 0.008818342151675485 0.005704365079365079
0 0.5787037037037037 0.271453373015873 0.00837742504409171 0.005704365079365079
0 0.5185185185185185 0.25297619047619047 0.009700176366843033 0.005456349206349206
0 0.5002204585537919 0.27554563492063494 0.010141093474426807 0.003968253968253968
0 0.5740740740740741 0.2880704365079365 0.01146384479717813 0.005704365079365079
0 0.566358024691358 0.298859126984127 0.011022927689594356 0.005952380952380952
0 0.6080246913580247 0.2880704365079365 0.009700176366843033 0.004712301587301587
0 0.6051587301587301 0.3209325396825397 0.011022927689594356 0.005456349206349206
0 0.5363756613756614 0.31398809523809523 0.00837742504409171 0.005952380952380952
0 0.5074955908289241 0.32006448412698413 0.010582010582010581 0.006696428571428571
0 0.6170634920634921 0.17956349206349206 0.009259259259259259 0.005456349206349206
0 0.5097001763668431 0.1939484126984127 0.010582010582010581 0.005456349206349206
0 0.4122574955908289 0.18911210317460317 0.010582010582010581 0.006696428571428571
0 0.32936507936507936 0.19642857142857142 0.01146384479717813 0.00496031746031746
0 0.2583774250440917 0.19754464285714285 0.012345679012345678 0.005208333333333333
0 0.2777777777777778 0.23363095238095238 0.012345679012345678 0.005952380952380952
0 0.2740299823633157 0.2757936507936508 0.010141093474426807 0.00496031746031746
0 0.3844797178130511 0.2717013888888889 0.008818342151675485 0.005704365079365079
0 0.35383597883597884 0.2924107142857143 0.010141093474426807 0.004464285714285714
0 0.4451058201058201 0.2681051587301587 0.00837742504409171 0.005952380952380952
0 0.4585537918871252 0.2717013888888889 0.010582010582010581 0.006200396825396825
0 0.3029100529100529 0.3138640873015873 0.010582010582010581 0.005208333333333333
0 0.2735890652557319 0.3267609126984127 0.011904761904761904 0.007688492063492063
0 0.42592592592592593 0.3185763888888889 0.009700176366843033 0.005208333333333333
0 0.4620811287477954 0.3165922619047619 0.010582010582010581 0.006200396825396825
0 0.4600970017636684 0.3314732142857143 0.009259259259259259 0.006696428571428571
0 0.14087301587301587 0.35453869047619047 0.011022927689594356 0.006200396825396825
0 0.15784832451499117 0.36049107142857145 0.01146384479717813 0.007192460317460317
0 0.5822310405643739 0.3351934523809524 0.00837742504409171 0.005704365079365079
0 0.5892857142857143 0.34250992063492064 0.009259259259259259 0.005456349206349206
0 0.5240299823633157 0.35441468253968256 0.009259259259259259 0.005456349206349206
0 0.5418871252204586 0.3556547619047619 0.008818342151675485 0.005456349206349206
0 0.5619488536155203 0.37450396825396826 0.010141093474426807 0.003968253968253968
0 0.546957671957672 0.3821924603174603 0.007495590828924162 0.005456349206349206
0 0.6397707231040565 0.37351190476190477 0.01146384479717813 0.005952380952380952
0 0.6256613756613757 0.38504464285714285 0.007054673721340388 0.005704365079365079
0 0.6545414462081128 0.4089781746031746 0.009259259259259259 0.00496031746031746
0 0.6466049382716049 0.42001488095238093 0.009259259259259259 0.006200396825396825
0 0.8798500881834215 0.46552579365079366 0.011022927689594356 0.006448412698412698
0 0.8121693121693122 0.4853670634920635 0.010582010582010581 0.005456349206349206
0 0.8121693121693122 0.4939236111111111 0.010582010582010581 0.004712301587301587
0 0.7407407407407407 0.4775545634920635 0.009700176366843033 0.006696428571428571
0 0.9142416225749559 0.4314236111111111 0.010141093474426807 0.004216269841269841
0 0.5061728395061729 0.3671875 0.009700176366843033 0.006200396825396825
0 0.5465167548500882 0.3974454365079365 0.009259259259259259 0.004712301587301587
0 0.4565696649029982 0.40910218253968256 0.010141093474426807 0.005208333333333333
0 0.4671516754850088 0.42584325396825395 0.011904761904761904 0.005952380952380952
0 0.4876543209876543 0.42981150793650796 0.009700176366843033 0.005456349206349206
0 0.5416666666666666 0.4262152777777778 0.00837742504409171 0.006200396825396825
0 0.5099206349206349 0.42224702380952384 0.009259259259259259 0.005208333333333333
0 0.61331569664903 0.46143353174603174 0.007936507936507936 0.005704365079365079
0 0.49603174603174605 0.49888392857142855 0.008818342151675485 0.006696428571428571
0 0.5101410934744268 0.5105406746031746 0.01146384479717813 0.006200396825396825
0 0.4574514991181658 0.5033482142857143 0.005731922398589065 0.006200396825396825
0 0.3256172839506173 0.5295138888888888 0.011022927689594356 0.00496031746031746
0 0.29739858906525574 0.5282738095238095 0.010141093474426807 0.005952380952380952
0 0.3264991181657848 0.5611359126984127 0.011022927689594356 0.006696428571428571
0 0.41710758377425045 0.5775049603174603 0.010582010582010581 0.005704365079365079
0 0.3505291005291005 0.5900297619047619 0.010582010582010581 0.005456349206349206
0 0.28174603174603174 0.39732142857142855 0.009700176366843033 0.006448412698412698
0 0.23412698412698413 0.40674603174603174 0.012345679012345678 0.006448412698412698
0 0.15542328042328044 0.42373511904761907 0.012786596119929453 0.007192460317460317
0 0.3220899470899471 0.42398313492063494 0.009259259259259259 0.006696428571428571
0 0.3655202821869489 0.4226190476190476 0.010582010582010581 0.00496031746031746
0 0.3403880070546737 0.45337301587301587 0.010582010582010581 0.005952380952380952
0 0.40343915343915343 0.4646577380952381 0.012345679012345678 0.005208333333333333
0 0.3939594356261023 0.4711061507936508 0.011022927689594356 0.006696428571428571
0 0.4887566137566138 0.5947420634920635 0.011022927689594356 0.005952380952380952
0 0.5061728395061729 0.6067708333333334 0.009700176366843033 0.006696428571428571
0 0.4966931216931217 0.6290922619047619 0.010141093474426807 0.005704365079365079
0 0.8657407407407407 0.5033482142857143 0.011022927689594356 0.005704365079365079
0 0.8569223985890653 0.5240575396825397 0.011022927689594356 0.005952380952380952
0 0.8298059964726632 0.5391865079365079 0.012345679012345678 0.005952380952380952
0 0.6774691358024691 0.5783730158730159 0.00837742504409171 0.006448412698412698
0 0.673721340388007 0.5974702380952381 0.009700176366843033 0.005456349206349206
0 0.7151675485008818 0.5358382936507936 0.010582010582010581 0.004216269841269841
0 0.7749118165784833 0.5311259920634921 0.010141093474426807 0.005208333333333333
0 0.7497795414462081 0.5500992063492064 0.010141093474426807 0.00496031746031746
0 0.7817460317460317 0.5558035714285714 0.009700176366843033 0.006448412698412698
0 0.8970458553791887 0.4273313492063492 0.006613756613756613 0.005456349206349206
0 0.5718694885361552 0.46924603174603174 0.006172839506172839 0.00248015873015873
0 0.8053350970017636 0.5145089285714286 0.009259259259259259 0.004712301587301587
0 0.7694003527336861 0.35205853174603174 0.007936507936507936 0.006200396825396825
0 0.6673280423280423 0.22730654761904762 0.011022927689594356 0.004712301587301587
1 0.5656966490299824 0.1263640873015873 0.010582010582010581 0.007192460317460317
1 0.4662698412698413 0.19233630952380953 0.009259259259259259 0.004216269841269841
1 0.23082010582010581 0.337921626984127 0.012786596119929453 0.005704365079365079
1 0.5291005291005291 0.33705357142857145 0.007936507936507936 0.00496031746031746
1 0.6119929453262787 0.47842261904761907 0.004409171075837742 0.002976190476190476
1 0.3324514991181658 0.5533234126984127 0.004409171075837742 0.002976190476190476
1 0.2821869488536155 0.37103174603174605 0.008818342151675485 0.006448412698412698
1 0.6968694885361552 0.6294642857142857 0.005731922398589065 0.003472222222222222
1 0.5789241622574955 0.6607142857142857 0.005291005291005291 0.00248015873015873
1 0.7513227513227513 0.4341517857142857 0.01146384479717813 0.007688492063492063
1 0.6629188712522046 0.03993055555555555 0.005731922398589065 0.002976190476190476
1 0.3428130511463845 0.1715029761904762 0.005731922398589065 0.003224206349206349
1 0.48743386243386244 0.2074652777777778 0.003968253968253968 0.002232142857142857
1 0.4876543209876543 0.21540178571428573 0.006172839506172839 0.002232142857142857
1 0.5264550264550265 0.23883928571428573 0.007936507936507936 0.004464285714285714
1 0.44995590828924165 0.22743055555555555 0.0048500881834215165 0.002976190476190476
1 0.3697089947089947 0.2849702380952381 0.007495590828924162 0.003472222222222222
1 0.6331569664902998 0.4885912698412698 0.004409171075837742 0.002976190476190476
1 0.5908289241622575 0.5226934523809523 0.005291005291005291 0.002728174603174603
1 0.7982804232804233 0.5369543650793651 0.007495590828924162 0.003472222222222222
1 0.5793650793650794 0.22743055555555555 0.006172839506172839 0.002976190476190476
1 0.6470458553791887 0.4503968253968254 0.003968253968253968 0.00248015873015873
1 0.6388888888888888 0.5885416666666666 0.005291005291005291 0.002976190476190476
1 0.3395061728395062 0.5913938492063492 0.006172839506172839 0.002728174603174603
1 0.4435626102292769 0.5812251984126984 0.006172839506172839 0.003224206349206349
1 0.4281305114638448 0.5699404761904762 0.006172839506172839 0.003472222222222222
1 0.4124779541446208 0.564484126984127 0.007495590828924162 0.00248015873015873
1 0.42151675485008816 0.5623759920634921 0.006172839506172839 0.003224206349206349
1 0.35119047619047616 0.6006944444444444 0.005731922398589065 0.002976190476190476
1 0.43253968253968256 0.6437251984126984 0.007054673721340388 0.003720238095238095
1 0.35912698412698413 0.5928819444444444 0.0048500881834215165 0.002728174603174603
1 0.3787477954144621 0.5910218253968254 0.007054673721340388 0.00248015873015873
1 0.4173280423280423 0.6138392857142857 0.005731922398589065 0.003472222222222222
1 0.3758818342151676 0.6184275793650794 0.0048500881834215165 0.002728174603174603
1 0.4021164021164021 0.6786954365079365 0.004409171075837742 0.002728174603174603
1 0.3549382716049383 0.6852678571428571 0.005291005291005291 0.001984126984126984
1 0.43761022927689597 0.5218253968253969 0.0048500881834215165 0.002976190476190476
1 0.4243827160493827 0.5100446428571429 0.005731922398589065 0.002728174603174603
1 0.30687830687830686 0.5048363095238095 0.004409171075837742 0.002728174603174603
1 0.2872574955908289 0.605530753968254 0.0048500881834215165 0.002728174603174603
1 0.4142416225749559 0.38256448412698413 0.003968253968253968 0.001736111111111111
1 0.24735449735449735 0.37202380952380953 0.005291005291005291 0.002976190476190476
2 0.6518959435626103 0.24441964285714285 0.012786596119929453 0.006696428571428571
2 0.6549823633156967 0.26252480158730157 0.013668430335097001 0.006200396825396825
2 0.6682098765432098 0.26438492063492064 0.010141093474426807 0.005952380952380952
2 0.5083774250440917 0.2465277777777778 0.009700176366843033 0.00744047619047619
2 0.5041887125220459 0.2961309523809524 0.007495590828924162 0.008928571428571428
2 0.3549382716049383 0.17571924603174602 0.007054673721340388 0.00818452380952381
2 0.2328042328042328 0.23846726190476192 0.014109347442680775 0.004216269841269841
2 0.38646384479717816 0.2136656746031746 0.013668430335097001 0.007192460317460317
2 0.4728835978835979 0.25186011904761907 0.012786596119929453 0.005208333333333333
2 0.3664021164021164 0.18638392857142858 0.008818342151675485 0.006696428571428571
2 0.32319223985890655 0.3039434523809524 0.010582010582010581 0.007688492063492063
2 0.3236331569664903 0.32862103174603174 0.009700176366843033 0.009424603174603174
2 0.4332010582010582 0.3732638888888889 0.010141093474426807 0.008432539682539682
2 0.6470458553791887 0.3366815476190476 0.010141093474426807 0.007192460317460317
2 0.656305114638448 0.39248511904761907 0.011022927689594356 0.003224206349206349
2 0.708994708994709 0.38678075396825395 0.012345679012345678 0.005704365079365079
2 0.5676807760141094 0.4728422619047619 0.0048500881834215165 0.005208333333333333
2 0.6439594356261023 0.48152281746031744 0.0048500881834215165 0.00818452380952381
2 0.4228395061728395 0.5018601190476191 0.01146384479717813 0.007192460317460317
2 0.35383597883597884 0.5192212301587301 0.00837742504409171 0.007688492063492063
2 0.2837301587301587 0.5305059523809523 0.01455026455026455 0.004464285714285714
2 0.33311287477954143 0.5479910714285714 0.011904761904761904 0.006696428571428571
2 0.1882716049382716 0.37375992063492064 0.015873015873015872 0.005456349206349206
2 0.2594797178130511 0.45275297619047616 0.017195767195767195 0.006696428571428571
2 0.2605820105820106 0.5808531746031746 0.015873015873015872 0.005952380952380952
2 0.20260141093474426 0.529265873015873 0.012786596119929453 0.008432539682539682
2 0.2808641975308642 0.5111607142857143 0.008818342151675485 0.00992063492063492
2 0.2550705467372134 0.5179811507936508 0.010141093474426807 0.00818452380952381
2 0.2449294532627866 0.5342261904761905 0.01455026455026455 0.005456349206349206
2 0.16137566137566137 0.5555555555555556 0.015873015873015872 0.00496031746031746
2 0.5268959435626103 0.6381448412698413 0.009700176366843033 0.008928571428571428
2 0.5357142857142857 0.65625 0.007936507936507936 0.008928571428571428
2 0.8831569664902998 0.5523313492063492 0.01146384479717813 0.00744047619047619
2 0.7372134038800705 0.5066964285714286 0.005291005291005291 0.007936507936507936
2 0.6735008818342152 0.5250496031746031 0.011904761904761904 0.006448412698412698
2 0.1027336860670194 0.45944940476190477 0.014109347442680775 0.006200396825396825
2 0.7350088183421517 0.527281746031746 0.014109347442680775 0.00744047619047619
2 0.6415343915343915 0.31026785714285715 0.007936507936507936 0.004464285714285714
2 0.8373015873015873 0.4652777777777778 0.009700176366843033 0.003472222222222222
2 0.7711640211640212 0.34350198412698413 0.010582010582010581 0.003968253968253968
2 0.7191358024691358 0.2553323412698413 0.007936507936507936 0.005704365079365079
2 0.6238977072310405 0.36507936507936506 0.009700176366843033 0.005952380952380952
2 0.41005291005291006 0.5121527777777778 0.010582010582010581 0.006944444444444444
2 0.3785273368606702 0.5282738095238095 0.009259259259259259 0.007936507936507936
2 0.39616402116402116 0.5199652777777778 0.007495590828924162 0.007688492063492063
3 0.48853615520282184 0.04985119047619048 0.031746031746031744 0.00992063492063492
3 0.6492504409171076 0.1259920634920635 0.011022927689594356 0.003968253968253968
3 0.8192239858906526 0.11619543650793651 0.007054673721340388 0.005704365079365079
3 0.640652557319224 0.21713789682539683 0.009700176366843033 0.004216269841269841
3 0.7841710758377425 0.21168154761904762 0.007495590828924162 0.006200396825396825
3 0.7766754850088183 0.2166418650793651 0.00837742504409171 0.005208333333333333
3 0.8483245149911817 0.26103670634920634 0.006172839506172839 0.005208333333333333
3 0.8780864197530864 0.27653769841269843 0.006613756613756613 0.005952380952380952
3 0.6920194003527337 0.2977430555555556 0.007495590828924162 0.004216269841269841
3 0.722663139329806 0.2931547619047619 0.007936507936507936 0.00248015873015873
3 0.8119488536155203 0.27666170634920634 0.011022927689594356 0.003720238095238095
3 0.9054232804232805 0.27529761904761907 0.009259259259259259 0.006448412698412698
3 0.5687830687830688 0.26599702380952384 0.008818342151675485 0.005208333333333333
3 0.5260141093474426 0.17373511904761904 0.007936507936507936 0.005208333333333333
3 0.6410934744268078 0.17782738095238096 0.007936507936507936 0.004464285714285714
3 0.5641534391534392 0.1722470238095238 0.011904761904761904 0.007688492063492063
3 0.3492063492063492 0.23623511904761904 0.009700176366843033 0.007688492063492063
3 0.2876984126984127 0.2630208333333333 0.0048500881834215165 0.005704365079365079
3 0.3767636684303351 0.36904761904761907 0.009259259259259259 0.006448412698412698
3 0.4825837742504409 0.3056795634920635 0.0048500881834215165 0.007688492063492063
3 0.5213844797178131 0.3314732142857143 0.005731922398589065 0.005704365079365079
3 0.5460758377425045 0.341765873015873 0.006613756613756613 0.005952380952380952
3 0.6708553791887125 0.39050099206349204 0.0048500881834215165 0.004712301587301587
3 0.9757495590828924 0.2863343253968254 0.008818342151675485 0.005208333333333333
3 0.3833774250440917 0.5691964285714286 0.010141093474426807 0.00496031746031746
3 0.525352733686067 0.515625 0.006613756613756613 0.005952380952380952
3 0.6327160493827161 0.5434027777777778 0.006172839506172839 0.003472222222222222
3 0.7698412698412699 0.6140873015873016 0.009700176366843033 0.004464285714285714
3 0.6236772486772487 0.6381448412698413 0.006613756613756613 0.005456349206349206
3 0.656084656084656 0.6187996031746031 0.006172839506172839 0.003472222222222222
3 0.8461199294532628 0.17485119047619047 0.012345679012345678 0.004464285714285714
3 0.17217813051146386 0.2387152777777778 0.010141093474426807 0.005208333333333333
3 0.21141975308641975 0.2595486111111111 0.009259259259259259 0.006200396825396825
3 0.37720458553791886 0.2771577380952381 0.006613756613756613 0.006696428571428571
3 0.5632716049382716 0.3410218253968254 0.009259259259259259 0.00496031746031746
3 0.7965167548500882 0.4911954365079365 0.005731922398589065 0.005208333333333333
3 0.8961640211640212 0.5138888888888888 0.011904761904761904 0.004464285714285714
3 0.7409611992945326 0.39831349206349204 0.00837742504409171 0.005952380952380952
3 0.9519400352733686 0.36929563492063494 0.008818342151675485 0.004464285714285714
3 0.9360670194003528 0.34337797619047616 0.007054673721340388 0.005704365079365079
3 0.8267195767195767 0.3923611111111111 0.008818342151675485 0.003968253968253968
3 0.767416225749559 0.21217757936507936 0.00837742504409171 0.004712301587301587
3 0.6792328042328042 0.3628472222222222 0.011022927689594356 0.003472222222222222
3 0.7048059964726632 0.41282242063492064 0.007495590828924162 0.005208333333333333