0 0.6747271825396826 0.6227954144620811 0.006696428571428571 0.011022927689594356
0 0.7151537698412699 0.6686507936507936 0.006200396825396825 0.017195767195767195
0 0.3763640873015873 0.10714285714285714 0.005704365079365079 0.010582010582010581
0 0.38318452380952384 0.6644620811287478 0.003968253968253968 0.010582010582010581
0 0.753844246031746 0.31216931216931215 0.004216269841269841 0.010582010582010581
0 0.8570188492063492 0.3062169312169312 0.004216269841269841 0.010141093474426807
0 0.5004960317460317 0.5681216931216931 0.005952380952380952 0.010141093474426807
0 0.43936011904761907 0.7996031746031746 0.003720238095238095 0.011022927689594356
0 0.43874007936507936 0.8719135802469136 0.005952380952380952 0.007495590828924162
0 0.6029265873015873 0.9076278659611993 0.005456349206349206 0.010141093474426807
0 0.5978422619047619 0.7398589065255732 0.004216269841269841 0.008818342151675485
0 0.8224206349206349 0.5791446208112875 0.00496031746031746 0.009259259259259259
0 0.3570188492063492 0.08487654320987655 0.004216269841269841 0.007495590828924162
0 0.47681051587301587 0.21604938271604937 0.004712301587301587 0.010582010582010581
0 0.7410714285714286 0.38073192239858905 0.002976190476190476 0.00837742504409171
0 0.6980406746031746 0.6488095238095238 0.005704365079365079 0.011022927689594356
0 0.6160714285714286 0.18981481481481483 0.006448412698412698 0.010141093474426807
0 0.7248263888888888 0.18165784832451498 0.005208333333333333 0.01146384479717813
0 0.7219742063492064 0.29651675485008816 0.006448412698412698 0.011904761904761904
0 0.8138640873015873 0.3489858906525573 0.006696428571428571 0.011022927689594356
0 0.23288690476190477 0.6490299823633157 0.006448412698412698 0.009700176366843033
0 0.7338789682539683 0.3630952380952381 0.005456349206349206 0.011904761904761904
0 0.8599950396825397 0.4512786596119929 0.005208333333333333 0.009259259259259259
0 0.8431299603174603 0.591710758377425 0.006200396825396825 0.008818342151675485
0 0.48561507936507936 0.4973544973544973 0.00496031746031746 0.010582010582010581
0 0.4437003968253968 0.3392857142857143 0.006944444444444444 0.009259259259259259
0 0.4191468253968254 0.3454585537918871 0.005456349206349206 0.010141093474426807
0 0.5901537698412699 0.17680776014109348 0.006696428571428571 0.012345679012345678
0 0.6629464285714286 0.4041005291005291 0.006448412698412698 0.012786596119929453
0 0.5802331349206349 0.5692239858906526 0.006696428571428571 0.010582010582010581
0 0.5880456349206349 0.5414462081128748 0.005952380952380952 0.01146384479717813
0 0.5930059523809523 0.533289241622575 0.006448412698412698 0.012786596119929453
0 0.5904017857142857 0.503968253968254 0.007192460317460317 0.01146384479717813
0 0.5802331349206349 0.44223985890652556 0.005704365079365079 0.010582010582010581
0 0.5989583333333334 0.4451058201058201 0.00496031746031746 0.011022927689594356
0 0.638640873015873 0.42592592592592593 0.00744047619047619 0.01146384479717813
0 0.7209821428571429 0.4585537918871252 0.006448412698412698 0.013227513227513227
0 0.7158978174603174 0.5498236331569665 0.006696428571428571 0.009700176366843033
0 0.5348462301587301 0.8917548500881834 0.006200396825396825 0.007495590828924162
0 0.535094246031746 0.9021164021164021 0.004712301587301587 0.010582010582010581
0 0.541046626984127 0.8842592592592593 0.005208333333333333 0.010141093474426807
0 0.4887152777777778 0.8655202821869489 0.004216269841269841 0.010582010582010581
0 0.5394345238095238 0.8313492063492064 0.003968253968253968 0.011022927689594356
0 0.31634424603174605 0.4107142857142857 0.005704365079365079 0.009259259259259259
0 0.6443452380952381 0.8910934744268078 0.005456349206349206 0.012345679012345678
0 0.6891121031746031 0.894620811287478 0.005208333333333333 0.010582010582010581
0 0.35639880952380953 0.5634920634920635 0.006448412698412698 0.01146384479717813
0 0.49875992063492064 0.5218253968253969 0.006448412698412698 0.010141093474426807
0 0.49255952380952384 0.8139329805996472 0.004464285714285714 0.013227513227513227
0 0.4453125 0.6470458553791887 0.005208333333333333 0.013668430335097001
0 0.41431051587301587 0.6942239858906526 0.006696428571428571 0.013668430335097001
0 0.47941468253968256 0.8741181657848325 0.006448412698412698 0.00837742504409171
0 0.40054563492063494 0.2037037037037037 0.005952380952380952 0.01146384479717813
0 0.28608630952380953 0.8716931216931217 0.004712301587301587 0.005291005291005291
0 0.5280257936507936 0.8139329805996472 0.003968253968253968 0.009700176366843033
0 0.5290178571428571 0.2899029982363316 0.007936507936507936 0.011022927689594356
0 0.6783234126984127 0.19246031746031747 0.003472222222222222 0.012786596119929453
0 0.7907986111111112 0.281305114638448 0.006696428571428571 0.008818342151675485
0 0.26525297619047616 0.8452380952380952 0.005208333333333333 0.014109347442680775
0 0.7394593253968254 0.5271164021164021 0.006696428571428571 0.00837742504409171
0 0.7274305555555556 0.4812610229276896 0.00744047619047619 0.011022927689594356
0 0.6929563492063492 0.5978835978835979 0.003968253968253968 0.008818342151675485
0 0.6887400793650794 0.6673280423280423 0.006448412698412698 0.006613756613756613
0 0.4928075396825397 0.5932539682539683 0.005952380952380952 0.009259259259259259
0 0.28162202380952384 0.8743386243386243 0.004216269841269841 0.010582010582010581
0 0.5102926587301587 0.4929453262786596 0.005704365079365079 0.01146384479717813
0 0.41282242063492064 0.31900352733686066 0.004712301587301587 0.011904761904761904
0 0.46217757936507936 0.46318342151675485 0.009672619047619048 0.007495590828924162
0 0.46378968253968256 0.24184303350970018 0.004464285714285714 0.006613756613756613
0 0.5207093253968254 0.49206349206349204 0.005208333333333333 0.006172839506172839
0 0.5500992063492064 0.5337301587301587 0.002976190476190476 0.009259259259259259
0 0.43278769841269843 0.3386243386243386 0.003968253968253968 0.007936507936507936
0 0.28955853174603174 0.49691358024691357 0.005208333333333333 0.005291005291005291
0 0.703125 0.8635361552028219 0.003472222222222222 0.011022927689594356
1 0.3913690476190476 0.6252204585537919 0.003472222222222222 0.007054673721340388
1 0.33382936507936506 0.716710758377425 0.005456349206349206 0.012786596119929453
1 0.25632440476190477 0.779320987654321 0.005208333333333333 0.011904761904761904
1 0.5411706349206349 0.31812169312169314 0.00496031746031746 0.011904761904761904
1 0.7012648809523809 0.746031746031746 0.008680555555555556 0.01146384479717813
1 0.6622023809523809 0.47883597883597884 0.006944444444444444 0.01146384479717813
1 0.4915674603174603 0.6807760141093474 0.004464285714285714 0.008818342151675485
1 0.4775545634920635 0.6843033509700176 0.002728174603174603 0.004409171075837742
1 0.505828373015873 0.6984126984126984 0.002232142857142857 0.004409171075837742
1 0.7581845238095238 0.5870811287477954 0.005952380952380952 0.011904761904761904
1 0.8033234126984127 0.4115961199294533 0.005456349206349206 0.009259259259259259
1 0.6137152777777778 0.7881393298059964 0.006200396825396825 0.009259259259259259
1 0.6546378968253969 0.8589065255731922 0.006200396825396825 0.009700176366843033
1 0.5593998015873016 0.8838183421516755 0.005208333333333333 0.009259259259259259
1 0.47346230158730157 0.812610229276896 0.006448412698412698 0.012345679012345678
1 0.4131944444444444 0.8498677248677249 0.005456349206349206 0.009259259259259259
1 0.4260912698412698 0.4618606701940035 0.00496031746031746 0.011022927689594356
1 0.4601934523809524 0.3802910052910053 0.00818452380952381 0.015432098765432098
1 0.6227678571428571 0.86331569664903 0.006944444444444444 0.013227513227513227
1 0.42745535714285715 0.22883597883597884 0.004216269841269841 0.006172839506172839
1 0.439484126984127 0.2105379188712522 0.004464285714285714 0.00837742504409171
1 0.44828869047619047 0.2294973544973545 0.003720238095238095 0.006613756613756613
1 0.4742063492063492 0.19378306878306878 0.003472222222222222 0.007495590828924162
1 0.5001240079365079 0.2830687830687831 0.004216269841269841 0.008818342151675485
1 0.3865327380952381 0.3714726631393298 0.003224206349206349 0.011904761904761904
1 0.5546875 0.8688271604938271 0.003720238095238095 0.010141093474426807
1 0.7208581349206349 0.3844797178130511 0.004216269841269841 0.006172839506172839
1 0.7557043650793651 0.36728395061728397 0.00496031746031746 0.007936507936507936
1 0.722594246031746 0.32936507936507936 0.003224206349206349 0.004409171075837742
1 0.6820436507936508 0.5637125220458554 0.00496031746031746 0.00837742504409171
1 0.45461309523809523 0.8165784832451499 0.00496031746031746 0.009700176366843033
1 0.5842013888888888 0.8410493827160493 0.003720238095238095 0.00837742504409171
1 0.5735367063492064 0.8447971781305115 0.003224206349206349 0.007936507936507936
1 0.5866815476190477 0.8159171075837742 0.003720238095238095 0.009259259259259259
1 0.5988343253968254 0.8743386243386243 0.003224206349206349 0.01146384479717813
1 0.667906746031746 0.9208553791887125 0.00496031746031746 0.011022927689594356
1 0.5409226190476191 0.5152116402116402 0.005952380952380952 0.012786596119929453
1 0.6834077380952381 0.2641093474426808 0.005208333333333333 0.008818342151675485
1 0.6333085317460317 0.6223544973544973 0.007192460317460317 0.010141093474426807
1 0.5806051587301587 0.31812169312169314 0.00496031746031746 0.009259259259259259
1 0.3932291666666667 0.0974426807760141 0.003720238095238095 0.007936507936507936
1 0.5369543650793651 0.14329805996472664 0.004464285714285714 0.007936507936507936
1 0.6227678571428571 0.16600529100529102 0.00496031746031746 0.00837742504409171
1 0.6571180555555556 0.19642857142857142 0.003224206349206349 0.007495590828924162
1 0.6543898809523809 0.2537477954144621 0.003720238095238095 0.006613756613756613
1 0.7266865079365079 0.2140652557319224 0.00496031746031746 0.009259259259259259
1 0.7137896825396826 0.263668430335097 0.00496031746031746 0.007054673721340388
1 0.7180059523809523 0.25242504409171074 0.00496031746031746 0.007495590828924162
1 0.8616071428571429 0.3699294532627866 0.002976190476190476 0.007936507936507936
1 0.8453621031746031 0.41358024691358025 0.003720238095238095 0.006172839506172839
1 0.8942212301587301 0.42901234567901236 0.003224206349206349 0.008818342151675485
1 0.5322420634920635 0.3472222222222222 0.003968253968253968 0.007495590828924162
1 0.5536954365079365 0.3492063492063492 0.003224206349206349 0.007054673721340388
1 0.4993799603174603 0.43628747795414463 0.004216269841269841 0.00837742504409171
1 0.5633680555555556 0.5910493827160493 0.002232142857142857 0.0048500881834215165
1 0.5613839285714286 0.5745149911816578 0.002232142857142857 0.005291005291005291
1 0.511656746031746 0.6111111111111112 0.003472222222222222 0.008818342151675485
1 0.5472470238095238 0.6152998236331569 0.003720238095238095 0.00837742504409171
1 0.5713045634920635 0.6122134038800705 0.003720238095238095 0.00837742504409171
1 0.6190476190476191 0.6521164021164021 0.003968253968253968 0.007936507936507936
1 0.3706597222222222 0.5074955908289241 0.004216269841269841 0.006172839506172839
1 0.33556547619047616 0.48853615520282184 0.002976190476190476 0.007054673721340388
1 0.3353174603174603 0.5152116402116402 0.003472222222222222 0.005731922398589065
1 0.2992311507936508 0.44598765432098764 0.002728174603174603 0.005731922398589065
1 0.23958333333333334 0.6391093474426808 0.00248015873015873 0.0048500881834215165
1 0.1236359126984127 0.4799382716049383 0.004216269841269841 0.006613756613756613
1 0.1307043650793651 0.48919753086419754 0.003472222222222222 0.006613756613756613
1 0.28881448412698413 0.8298059964726632 0.002728174603174603 0.005291005291005291
1 0.2828621031746032 0.7791005291005291 0.003224206349206349 0.007054673721340388
1 0.3671875 0.8309082892416225 0.004216269841269841 0.009259259259259259
1 0.375 0.7361111111111112 0.00248015873015873 0.0048500881834215165
1 0.39037698412698413 0.792989417989418 0.001984126984126984 0.0048500881834215165
1 0.40600198412698413 0.8516313932980599 0.003472222222222222 0.005731922398589065
1 0.39099702380952384 0.693342151675485 0.003224206349206349 0.007495590828924162
1 0.41803075396825395 0.7279541446208113 0.002728174603174603 0.007936507936507936
1 0.4332837301587302 0.6521164021164021 0.004464285714285714 0.008818342151675485
1 0.44419642857142855 0.7061287477954145 0.003472222222222222 0.005731922398589065
1 0.3566468253968254 0.6902557319223986 0.00248015873015873 0.005731922398589065
1 0.6075148809523809 0.7449294532627866 0.003720238095238095 0.006613756613756613
2 0.5472470238095238 0.12014991181657848 0.00818452380952381 0.006613756613756613
2 0.2943948412698413 0.6243386243386243 0.00744047619047619 0.008818342151675485
2 0.32353670634920634 0.5747354497354498 0.00818452380952381 0.011904761904761904
2 0.3005952380952381 0.47861552028218696 0.007936507936507936 0.016313932980599646
2 0.39384920634920634 0.7918871252204586 0.003968253968253968 0.014991181657848324
2 0.5610119047619048 0.3461199294532628 0.005456349206349206 0.01675485008818342
2 0.40302579365079366 0.3194444444444444 0.00496031746031746 0.018077601410934743
2 0.4079861111111111 0.19929453262786595 0.003472222222222222 0.01675485008818342
2 0.37549603174603174 0.658068783068783 0.005952380952380952 0.01455026455026455
2 0.35987103174603174 0.7118606701940036 0.00744047619047619 0.013668430335097001
2 0.2425595238095238 0.6759259259259259 0.005456349206349206 0.015873015873015872
2 0.37624007936507936 0.818342151675485 0.006944444444444444 0.013227513227513227
2 0.6117311507936508 0.9731040564373897 0.005208333333333333 0.01763668430335097
2 0.714905753968254 0.8778659611992945 0.009672619047619048 0.008818342151675485
2 0.5988343253968254 0.17019400352733685 0.004712301587301587 0.014991181657848324
2 0.5509672619047619 0.195326278659612 0.004712301587301587 0.015873015873015872
2 0.37822420634920634 0.07782186948853616 0.008432539682539682 0.009259259259259259
2 0.3324652777777778 0.685405643738977 0.006200396825396825 0.011904761904761904
2 0.4332837301587302 0.7738095238095238 0.007936507936507936 0.009700176366843033
2 0.44481646825396826 0.7709435626102292 0.007688492063492063 0.006613756613756613
2 0.4742063492063492 0.8791887125220459 0.002976190476190476 0.010582010582010581
2 0.5125248015873016 0.8977072310405644 0.00818452380952381 0.007054673721340388
2 0.18601190476190477 0.6494708994708994 0.008928571428571428 0.007936507936507936
2 0.6784474206349206 0.22001763668430335 0.004712301587301587 0.014991181657848324
2 0.5512152777777778 0.16159611992945327 0.003224206349206349 0.01455026455026455
2 0.5775049603174603 0.4010141093474427 0.004216269841269841 0.012786596119929453
2 0.5837053571428571 0.4144620811287478 0.006696428571428571 0.012345679012345678
2 0.589781746031746 0.42724867724867727 0.006448412698412698 0.010582010582010581
2 0.5317460317460317 0.4093915343915344 0.003968253968253968 0.016313932980599646
2 0.7576884920634921 0.4817019400352734 0.004464285714285714 0.015432098765432098
2 0.6138392857142857 0.16181657848324515 0.005952380952380952 0.014109347442680775
2 0.42075892857142855 0.11860670194003527 0.005704365079365079 0.014109347442680775
2 0.6748511904761905 0.7863756613756614 0.007936507936507936 0.009259259259259259
2 0.20535714285714285 0.6964285714285714 0.007936507936507936 0.006613756613756613
2 0.6256200396825397 0.5989858906525574 0.005208333333333333 0.012786596119929453
2 0.7681051587301587 0.6801146384479718 0.005952380952380952 0.015432098765432098
2 0.7511160714285714 0.7286155202821869 0.003720238095238095 0.016313932980599646
2 0.5466269841269841 0.8778659611992945 0.003968253968253968 0.015873015873015872
2 0.728546626984127 0.8820546737213404 0.007688492063492063 0.010141093474426807
2 0.5245535714285714 0.30864197530864196 0.00744047619047619 0.014109347442680775
2 0.6491815476190477 0.17195767195767195 0.005704365079365079 0.013227513227513227
2 0.6586061507936508 0.322310405643739 0.007192460317460317 0.013227513227513227
2 0.8263888888888888 0.3697089947089947 0.006448412698412698 0.011904761904761904
2 0.23040674603174602 0.7283950617283951 0.00496031746031746 0.014109347442680775
2 0.44518849206349204 0.41335978835978837 0.00496031746031746 0.017195767195767195
2 0.3298611111111111 0.656305114638448 0.006944444444444444 0.013668430335097001
2 0.5921378968253969 0.48390652557319225 0.007192460317460317 0.011022927689594356
2 0.7375992063492064 0.6585097001763669 0.005456349206349206 0.016313932980599646
2 0.4670138888888889 0.4801587301587302 0.008432539682539682 0.01146384479717813
2 0.37276785714285715 0.2775573192239859 0.005456349206349206 0.012786596119929453
2 0.4226190476190476 0.3273809523809524 0.008432539682539682 0.00837742504409171
2 0.4134424603174603 0.7583774250440917 0.00496031746031746 0.012345679012345678
2 0.38777281746031744 0.6194885361552028 0.007192460317460317 0.007054673721340388
3 0.3039434523809524 0.4567901234567901 0.006696428571428571 0.007054673721340388
3 0.35912698412698413 0.10295414462081129 0.003472222222222222 0.012786596119929453
3 0.5561755952380952 0.5555555555555556 0.001736111111111111 0.007054673721340388
3 0.5690724206349206 0.5659171075837742 0.002232142857142857 0.007495590828924162
3 0.5668402777777778 0.574294532627866 0.003224206349206349 0.006613756613756613
3 0.17584325396825398 0.5912698412698413 0.005952380952380952 0.006172839506172839
3 0.49231150793650796 0.8269400352733686 0.003472222222222222 0.005731922398589065