0 0.7359375 0.8890625 0.040625 0.04375
0 0.72109375 0.78828125 0.0484375 0.0484375
0 0.6546875 0.565625 0.034375 0.0375
0 0.7734375 0.5765625 0.03125 0.0375
0 0.70703125 0.91796875 0.0328125 0.0390625
0 0.06015625 0.76171875 0.0265625 0.0328125
2 0.534375 0.22109375 0.040625 0.0578125
2 0.63984375 0.4234375 0.0296875 0.05
2 0.67578125 0.46875 0.0421875 0.04375
2 0.3515625 0.44921875 0.028125 0.0578125
2 0.3046875 0.09375 0.046875 0.05
2 0.7296875 0.7140625 0.04375 0.0375
2 0.33203125 0.03046875 0.0515625 0.0390625
2 0.21796875 0.746875 0.0390625 0.046875
2 0.71328125 0.51484375 0.0484375 0.0390625
3 0.134375 0.85078125 0.028125 0.0328125