0 0.9703125 0.275 0.034375 0.03125
0 0.940625 0.3515625 0.021875 0.03125
0 0.63671875 0.04375 0.0328125 0.025
0 0.6828125 0.275 0.034375 0.03125
0 0.7078125 0.375 0.028125 0.03125
0 0.68203125 0.39609375 0.0234375 0.0328125
0 0.7265625 0.5796875 0.028125 0.025
0 0.46015625 0.2890625 0.0296875 0.028125
0 0.84375 0.9703125 0.0375 0.03125
0 0.9359375 0.9609375 0.034375 0.03125
1 0.5578125 0.06875 0.028125 0.028125
2 0.425 0.321875 0.046875 0.03125
2 0.31171875 0.834375 0.0234375 0.05
2 0.09375 0.4703125 0.053125 0.04375
2 0.178125 0.46875 0.053125 0.028125
3 0.934375 0.55625 0.021875 0.0375
3 0.7703125 0.15 0.025 0.021875
3 0.5515625 0.78125 0.025 0.015625
3 0.2671875 0.33125 0.03125 0.053125
3 0.5453125 0.878125 0.028125 0.0375
3 0.778125 0.825 0.034375 0.0375
3 0.965625 0.63671875 0.028125 0.0328125
3 0.85625 0.51875 0.025 0.03125
3 0.83125 0.22109375 0.028125 0.0328125
3 0.9140625 0.88125 0.028125 0.03125