0 0.1203125 0.3140625 0.0375 0.0375
0 0.2109375 0.440625 0.03125 0.034375
0 0.23671875 0.2734375 0.0234375 0.034375
0 0.33984375 0.315625 0.0421875 0.034375
0 0.4 0.2796875 0.034375 0.034375
0 0.4609375 0.5296875 0.034375 0.025
0 0.546875 0.690625 0.034375 0.0375
0 0.74375 0.5875 0.034375 0.03125
0 0.821875 0.5328125 0.034375 0.040625
0 0.93125 0.15546875 0.04375 0.0328125
0 0.740625 0.8078125 0.034375 0.025
0 0.26328125 0.796875 0.0359375 0.025
0 0.821875 0.85546875 0.034375 0.0296875
2 0.90234375 0.45546875 0.0578125 0.0328125
2 0.68671875 0.1765625 0.0546875 0.025
2 0.98125 0.090625 0.034375 0.04375
3 0.1171875 0.11875 0.025 0.034375
3 0.13046875 0.3625 0.0234375 0.0375
3 0.16171875 0.428125 0.0421875 0.025
3 0.875 0.871875 0.034375 0.034375
3 0.715625 0.42734375 0.04375 0.0328125
3 0.5421875 0.39375 0.028125 0.0375