0 0.621875 0.28671875 0.034375 0.0421875
0 0.51015625 0.95078125 0.0421875 0.0265625
0 0.6578125 0.86796875 0.05 0.0328125
0 0.0234375 0.5109375 0.040625 0.03125
0 0.17734375 0.43515625 0.0359375 0.0421875
0 0.66640625 0.3515625 0.0265625 0.034375
0 0.54765625 0.0515625 0.0421875 0.0375
0 0.746875 0.1046875 0.03125 0.040625
1 0.54140625 0.3625 0.0171875 0.015625
2 0.58203125 0.70390625 0.0515625 0.0390625
2 0.54375 0.625 0.040625 0.040625
2 0.77265625 0.70625 0.0359375 0.05
2 0.15390625 0.14140625 0.0515625 0.0453125
3 0.17265625 0.6953125 0.0265625 0.025