0 0.3625 0.2109375 0.0375 0.034375
0 0.521875 0.10625 0.03125 0.028125
0 0.59375 0.0984375 0.0375 0.0375
0 0.625 0.146875 0.0375 0.0375
0 0.640625 0.275 0.040625 0.034375
0 0.35625 0.571875 0.034375 0.021875
0 0.434375 0.6328125 0.03125 0.021875
0 0.5375 0.6421875 0.03125 0.021875
0 0.846875 0.85 0.025 0.034375
0 0.50625 0.8453125 0.034375 0.021875
0 0.03515625 0.97578125 0.0453125 0.0390625
0 0.934375 0.234375 0.0375 0.0375
0 0.784375 0.1640625 0.034375 0.025
0 0.278125 0.740625 0.0375 0.025
0 0.2359375 0.7015625 0.0375 0.025
0 0.83515625 0.7140625 0.0328125 0.028125
1 0.103125 0.37734375 0.040625 0.0328125
1 0.33515625 0.4609375 0.0265625 0.021875
1 0.44375 0.36328125 0.025 0.0234375
2 0.1203125 0.18359375 0.028125 0.0578125
2 0.2234375 0.571875 0.053125 0.04375
2 0.4421875 0.84375 0.021875 0.053125
2 0.85 0.6625 0.03125 0.046875
3 0.03125 0.2640625 0.0375 0.0375
3 0.1890625 0.4453125 0.0375 0.028125
3 0.91015625 0.3890625 0.0328125 0.021875
3 0.5875 0.5546875 0.03125 0.025
3 0.4765625 0.61484375 0.034375 0.0203125
3 0.684375 0.8515625 0.021875 0.025
3 0.18125 0.4 0.0375 0.034375
3 0.696875 0.421875 0.034375 0.025