0 0.9484375 0.3625 0.025 0.03125
0 0.6421875 0.575 0.028125 0.0375
0 0.37109375 0.790625 0.0328125 0.040625
0 0.6828125 0.0171875 0.034375 0.034375
0 0.0328125 0.7203125 0.03125 0.0375
0 0.1546875 0.4875 0.0375 0.034375
0 0.7578125 0.38046875 0.03125 0.0359375
0 0.11953125 0.24765625 0.0390625 0.0296875
0 0.14609375 0.21015625 0.0359375 0.0359375
0 0.5078125 0.1109375 0.0375 0.025
0 0.47265625 0.05703125 0.0359375 0.0234375
2 0.80625 0.34375 0.040625 0.0375
2 0.8328125 0.4 0.034375 0.05
2 0.2625 0.46328125 0.040625 0.0421875
2 0.53515625 0.24375 0.0421875 0.0375
2 0.90546875 0.1859375 0.0359375 0.028125
3 0.01171875 0.6546875 0.0234375 0.0375
3 0.3875 0.03125 0.025 0.025