0 0.746875 0.815625 0.025 0.034375
0 0.8546875 0.83125 0.0375 0.025
0 0.45 0.609375 0.034375 0.0375
0 0.0671875 0.54921875 0.034375 0.0359375
0 0.378125 0.125 0.034375 0.0375
0 0.91015625 0.69609375 0.0265625 0.0421875
0 0.45 0.8015625 0.04375 0.03125
0 0.3921875 0.2640625 0.0375 0.0375
0 0.47421875 0.321875 0.0359375 0.0375
0 0.3296875 0.39453125 0.03125 0.0390625
0 0.40859375 0.5015625 0.0328125 0.03125
0 0.94375 0.4875 0.040625 0.03125
0 0.6765625 0.18046875 0.0375 0.0328125
0 0.1359375 0.2453125 0.04375 0.025
0 0.87109375 0.1078125 0.0234375 0.04375
0 0.39375 0.8125 0.021875 0.040625
0 0.83125 0.7453125 0.01875 0.040625
1 0.7453125 0.0734375 0.034375 0.0375
2 0.8953125 0.0515625 0.025 0.053125
2 0.1875 0.1875 0.040625 0.040625