0 0.37433862433862436 0.5807291666666666 0.008818342151675485 0.006200396825396825
0 0.47685185185185186 0.5845734126984127 0.009259259259259259 0.005952380952380952
0 0.37257495590828926 0.5474950396825397 0.010582010582010581 0.006200396825396825
0 0.35185185185185186 0.5221974206349206 0.01146384479717813 0.006200396825396825
0 0.31062610229276894 0.40773809523809523 0.011904761904761904 0.006944444444444444
0 0.30158730158730157 0.3709077380952381 0.010582010582010581 0.005208333333333333
0 0.20987654320987653 0.37351190476190477 0.013227513227513227 0.005456349206349206
0 0.5167548500881834 0.5574156746031746 0.010582010582010581 0.006696428571428571
0 0.39880952380952384 0.43799603174603174 0.011022927689594356 0.005952380952380952
0 0.5295414462081128 0.42819940476190477 0.009700176366843033 0.004712301587301587
0 0.5720899470899471 0.6529017857142857 0.00837742504409171 0.005704365079365079
0 0.6470458553791887 0.42237103174603174 0.011904761904761904 0.005456349206349206
0 0.6164021164021164 0.4130704365079365 0.007054673721340388 0.006696428571428571
0 0.8478835978835979 0.41716269841269843 0.007936507936507936 0.00496031746031746
0 0.5063932980599647 0.34375 0.007495590828924162 0.00496031746031746
0 0.48721340388007056 0.47780257936507936 0.009700176366843033 0.006696428571428571
0 0.4708994708994709 0.45089285714285715 0.008818342151675485 0.00496031746031746
0 0.2775573192239859 0.5489831349206349 0.00837742504409171 0.006696428571428571
0 0.27799823633156967 0.5656001984126984 0.010141093474426807 0.006696428571428571
0 0.27204585537918874 0.2865823412698413 0.012345679012345678 0.006200396825396825
0 0.7317019400352733 0.45163690476190477 0.01455026455026455 0.004464285714285714
0 0.8514109347442681 0.4626736111111111 0.006172839506172839 0.005208333333333333
0 0.25132275132275134 0.5513392857142857 0.014991181657848324 0.005456349206349206
1 0.8639770723104057 0.3939732142857143 0.011022927689594356 0.006200396825396825
1 0.28527336860670194 0.2330109126984127 0.008818342151675485 0.005208333333333333
1 0.1591710758377425 0.5054563492063492 0.013227513227513227 0.00744047619047619
1 0.1970899470899471 0.4982638888888889 0.007936507936507936 0.003968253968253968
1 0.35163139329806 0.2927827380952381 0.005731922398589065 0.002728174603174603
1 0.31635802469135804 0.2976190476190476 0.006613756613756613 0.002976190476190476
1 0.34656084656084657 0.29799107142857145 0.004409171075837742 0.002728174603174603
1 0.19797178130511464 0.3451140873015873 0.004409171075837742 0.002232142857142857
1 0.20105820105820105 0.36867559523809523 0.003527336860670194 0.001736111111111111
1 0.4911816578483245 0.42497519841269843 0.003527336860670194 0.001736111111111111
1 0.5584215167548501 0.43973214285714285 0.0030864197530864196 0.001984126984126984
1 0.5182980599647267 0.42943948412698413 0.0030864197530864196 0.001736111111111111
1 0.5895061728395061 0.4429563492063492 0.003527336860670194 0.001488095238095238
1 0.6490299823633157 0.5415426587301587 0.004409171075837742 0.002232142857142857
1 0.5630511463844797 0.5383184523809523 0.006172839506172839 0.003224206349206349
1 0.5989858906525574 0.5646081349206349 0.0048500881834215165 0.002232142857142857
1 0.6190476190476191 0.591765873015873 0.003527336860670194 0.001984126984126984
1 0.6942239858906526 0.4210069444444444 0.0048500881834215165 0.003224206349206349
1 0.6832010582010583 0.38851686507936506 0.0048500881834215165 0.002728174603174603
1 0.5202821869488536 0.31808035714285715 0.004409171075837742 0.002728174603174603
1 0.12455908289241623 0.5854414682539683 0.0030864197530864196 0.002232142857142857
1 0.37191358024691357 0.43563988095238093 0.0030864197530864196 0.002232142857142857
1 0.41005291005291006 0.4306795634920635 0.004409171075837742 0.002728174603174603
1 0.41335978835978837 0.4279513888888889 0.0030864197530864196 0.001736111111111111
1 0.4708994708994709 0.4296875 0.003527336860670194 0.002728174603174603
1 0.25220458553791886 0.46750992063492064 0.003527336860670194 0.001984126984126984
1 0.4109347442680776 0.3317212301587302 0.003527336860670194 0.002232142857142857
1 0.10052910052910052 0.4857390873015873 0.003527336860670194 0.002232142857142857
1 0.14285714285714285 0.43179563492063494 0.0026455026455026454 0.001488095238095238
1 0.44664902998236333 0.5732886904761905 0.0026455026455026454 0.002232142857142857
1 0.4398148148148148 0.5443948412698413 0.0030864197530864196 0.001984126984126984
1 0.4695767195767196 0.6809275793650794 0.005291005291005291 0.002728174603174603
1 0.45171957671957674 0.6511656746031746 0.0030864197530864196 0.002232142857142857
1 0.39814814814814814 0.6674107142857143 0.003527336860670194 0.001984126984126984
1 0.38580246913580246 0.6336805555555556 0.003527336860670194 0.00248015873015873
1 0.17239858906525574 0.6638144841269841 0.003527336860670194 0.002728174603174603
1 0.17261904761904762 0.6605902777777778 0.0030864197530864196 0.002232142857142857
1 0.46671075837742504 0.7180059523809523 0.0030864197530864196 0.00248015873015873
1 0.5791446208112875 0.6422371031746031 0.0030864197530864196 0.002232142857142857
1 0.4772927689594356 0.5936259920634921 0.0030864197530864196 0.002232142857142857
1 0.5081569664902998 0.5901537698412699 0.0030864197530864196 0.001736111111111111
1 0.5299823633156967 0.5747767857142857 0.003527336860670194 0.001736111111111111
1 0.8968253968253969 0.6086309523809523 0.005291005291005291 0.002976190476190476
1 0.49779541446208114 0.49268353174603174 0.003527336860670194 0.002728174603174603
1 0.4812610229276896 0.48834325396825395 0.0030864197530864196 0.001984126984126984
1 0.546957671957672 0.4584573412698413 0.0030864197530864196 0.002232142857142857
1 0.753968253968254 0.4738343253968254 0.003527336860670194 0.002232142857142857
1 0.5202821869488536 0.4046378968253968 0.003527336860670194 0.002232142857142857
1 0.5202821869488536 0.34833829365079366 0.003527336860670194 0.002232142857142857
1 0.3370811287477954 0.33134920634920634 0.0030864197530864196 0.001984126984126984
1 0.5092592592592593 0.5555555555555556 0.003527336860670194 0.00248015873015873
1 0.7193562610229277 0.5776289682539683 0.0030864197530864196 0.001984126984126984
1 0.621031746031746 0.6147073412698413 0.0030864197530864196 0.001736111111111111
1 0.6490299823633157 0.48759920634920634 0.0026455026455026454 0.001984126984126984
2 0.5504850088183422 0.3288690476190476 0.011904761904761904 0.008928571428571428
2 0.25396825396825395 0.39384920634920634 0.014109347442680775 0.010416666666666666
2 0.3287037037037037 0.7874503968253969 0.013668430335097001 0.011904761904761904
2 0.2786596119929453 0.7507440476190477 0.012345679012345678 0.009424603174603174
2 0.27380952380952384 0.8250248015873016 0.009700176366843033 0.011160714285714286
2 0.5970017636684304 0.5921378968253969 0.007054673721340388 0.01314484126984127
2 0.8675044091710759 0.5145089285714286 0.01895943562610229 0.005208333333333333
2 0.4437830687830688 0.35615079365079366 0.016313932980599646 0.00496031746031746
2 0.4298941798941799 0.3679315476190476 0.010582010582010581 0.006200396825396825
2 0.5363756613756614 0.4079861111111111 0.011022927689594356 0.007936507936507936
2 0.4914021164021164 0.37785218253968256 0.011022927689594356 0.006200396825396825
2 0.5972222222222222 0.3557787698412698 0.01455026455026455 0.006696428571428571
2 0.63668430335097 0.3602430555555556 0.014109347442680775 0.002728174603174603
2 0.6673280423280423 0.40314980158730157 0.006613756613756613 0.007192460317460317
2 0.2828483245149912 0.4123263888888889 0.012786596119929453 0.005208333333333333
2 0.3220899470899471 0.3943452380952381 0.007495590828924162 0.007936507936507936
2 0.18077601410934743 0.3577628968253968 0.014109347442680775 0.005704365079365079
2 0.13778659611992947 0.4957837301587302 0.012786596119929453 0.006944444444444444
2 0.414021164021164 0.6708829365079365 0.007936507936507936 0.007936507936507936
2 0.4572310405643739 0.4402281746031746 0.009700176366843033 0.006448412698412698
2 0.43694885361552027 0.458953373015873 0.008818342151675485 0.007688492063492063
2 0.1884920634920635 0.47842261904761907 0.007495590828924162 0.007936507936507936
2 0.2757936507936508 0.47172619047619047 0.011022927689594356 0.005952380952380952
2 0.3714726631393298 0.4789186507936508 0.006613756613756613 0.008432539682539682
2 0.3776455026455027 0.4898313492063492 0.010141093474426807 0.00744047619047619
2 0.3646384479717813 0.49975198412698413 0.007054673721340388 0.00992063492063492
2 0.45105820105820105 0.5322420634920635 0.009700176366843033 0.007936507936507936
2 0.939373897707231 0.3297371031746032 0.018077601410934743 0.005208333333333333
2 0.8481040564373897 0.42844742063492064 0.007495590828924162 0.006696428571428571
2 0.6673280423280423 0.3740079365079365 0.013668430335097001 0.003968253968253968
2 0.5698853615520282 0.33581349206349204 0.013668430335097001 0.003472222222222222
2 0.3787477954144621 0.38306051587301587 0.020282186948853614 0.003720238095238095
2 0.31283068783068785 0.3470982142857143 0.011022927689594356 0.006200396825396825
2 0.13955026455026456 0.47333829365079366 0.009259259259259259 0.009176587301587302
2 0.34325396825396826 0.5421626984126984 0.011022927689594356 0.00744047619047619
2 0.3461199294532628 0.6571180555555556 0.006172839506172839 0.008680555555555556
2 0.26587301587301587 0.35962301587301587 0.015873015873015872 0.003968253968253968
2 0.20436507936507936 0.33556547619047616 0.011022927689594356 0.006448412698412698
2 0.5163139329805997 0.41703869047619047 0.015873015873015872 0.004216269841269841
2 0.47001763668430335 0.4037698412698413 0.005291005291005291 0.00744047619047619
2 0.4157848324514991 0.28125 0.005291005291005291 0.00744047619047619
2 0.40850970017636684 0.462921626984127 0.013668430335097001 0.004712301587301587
2 0.48214285714285715 0.4185267857142857 0.007495590828924162 0.007192460317460317
2 0.5943562610229277 0.44221230158730157 0.012345679012345678 0.006448412698412698
2 0.7442680776014109 0.38070436507936506 0.007936507936507936 0.007936507936507936
2 0.24360670194003528 0.3240327380952381 0.015432098765432098 0.003720238095238095
2 0.30335097001763667 0.34052579365079366 0.007936507936507936 0.008928571428571428
2 0.2526455026455027 0.3509424603174603 0.014109347442680775 0.005456349206349206
2 0.3395061728395062 0.6351686507936508 0.014991181657848324 0.003968253968253968
2 0.550705467372134 0.376984126984127 0.015873015873015872 0.003968253968253968
2 0.5884038800705468 0.29724702380952384 0.013668430335097001 0.005704365079365079
2 0.453042328042328 0.32415674603174605 0.011904761904761904 0.006944444444444444
2 0.5363756613756614 0.31460813492063494 0.012786596119929453 0.004712301587301587
2 0.75 0.3116319444444444 0.01675485008818342 0.003720238095238095
2 0.5837742504409171 0.5033482142857143 0.014109347442680775 0.005704365079365079
2 0.41181657848324515 0.6387648809523809 0.014991181657848324 0.004712301587301587
2 0.21494708994708994 0.42658730158730157 0.006613756613756613 0.006448412698412698
2 0.28681657848324515 0.36731150793650796 0.007495590828924162 0.006944444444444444
2 0.2208994708994709 0.3446180555555556 0.013227513227513227 0.005208333333333333
2 0.17702821869488536 0.32787698412698413 0.011022927689594356 0.005456349206349206
2 0.6849647266313933 0.4575892857142857 0.011022927689594356 0.005952380952380952
2 0.6014109347442681 0.4965277777777778 0.006172839506172839 0.006944444444444444
2 0.2894620811287478 0.4962797619047619 0.015432098765432098 0.005456349206349206
2 0.7111992945326279 0.40587797619047616 0.01146384479717813 0.004712301587301587
3 0.7511022927689595 0.3365575396825397 0.007495590828924162 0.003472222222222222
3 0.4007936507936508 0.4495287698412698 0.010582010582010581 0.002728174603174603
3 0.42746913580246915 0.4714781746031746 0.011022927689594356 0.004464285714285714
3 0.6578483245149912 0.3489583333333333 0.007936507936507936 0.006944444444444444
3 0.4486331569664903 0.1922123015873016 0.011904761904761904 0.00496031746031746
3 0.35714285714285715 0.6393849206349206 0.005291005291005291 0.001984126984126984