1 0.30546875 0.06171875 0.0390625 0.0328125
1 0.15078125 0.37578125 0.0453125 0.0421875
1 0.82578125 0.45390625 0.0453125 0.0453125
1 0.72109375 0.67890625 0.0453125 0.0421875
1 0.84609375 0.94453125 0.0390625 0.0390625
1 0.31875 0.6140625 0.040625 0.0375
1 0.4859375 0.790625 0.04375 0.040625
1 0.4890625 0.7078125 0.040625 0.046875
1 0.3140625 0.88203125 0.034375 0.0359375
1 0.62578125 0.978125 0.0390625 0.0375
1 0.76796875 0.0296875 0.0359375 0.034375
1 0.69453125 0.20625 0.0421875 0.04375
2 0.2578125 0.1890625 0.03125 0.0625
2 0.48046875 0.4453125 0.0484375 0.059375
2 0.6703125 0.47109375 0.05 0.0578125
2 0.9734375 0.50234375 0.05 0.0421875
2 0.8625 0.54453125 0.071875 0.0421875
2 0.90546875 0.6109375 0.0546875 0.05
2 0.76875 0.6953125 0.05625 0.05
2 0.87578125 0.79453125 0.0421875 0.0609375
2 0.91171875 0.78515625 0.0296875 0.0671875
2 0.925 0.91953125 0.053125 0.0546875
2 0.89140625 0.96796875 0.0328125 0.0609375
2 0.77109375 0.91171875 0.0703125 0.0296875
2 0.64453125 0.8671875 0.0234375 0.065625
2 0.4921875 0.61484375 0.046875 0.0578125
2 0.59609375 0.615625 0.0265625 0.0625
2 0.63515625 0.715625 0.0515625 0.053125
2 0.81015625 0.0265625 0.0328125 0.05
2 0.784375 0.1578125 0.06875 0.028125
3 0.78125 0.5578125 0.015625 0.0125
3 0.82265625 0.0859375 0.0203125 0.01875
3 0.89765625 0.25234375 0.0203125 0.0171875
3 0.66640625 0.61015625 0.0234375 0.0171875
3 0.1703125 0.65625 0.034375 0.028125