1 0.846875 0.98515625 0.015625 0.0203125
2 0.79609375 0.73125 0.0359375 0.028125
2 0.84453125 0.65 0.0265625 0.03125
2 0.959375 0.75390625 0.028125 0.0359375
2 0.68203125 0.54375 0.0359375 0.01875
2 0.7859375 0.6078125 0.04375 0.025
2 0.55625 0.29296875 0.028125 0.0359375
2 0.9703125 0.175 0.040625 0.028125
2 0.765625 0.8328125 0.03125 0.034375
2 0.8078125 0.82421875 0.034375 0.0203125
2 0.73828125 0.9109375 0.0328125 0.03125
2 0.1703125 0.93515625 0.034375 0.0234375
2 0.3640625 0.78515625 0.034375 0.0328125
2 0.528125 0.91953125 0.0375 0.0328125
2 0.41875 0.60546875 0.03125 0.0390625
2 0.3265625 0.39765625 0.04375 0.0203125
3 0.73203125 0.37890625 0.0265625 0.0390625
3 0.596875 0.15625 0.04375 0.03125
3 0.7109375 0.9609375 0.028125 0.0375
3 0.4484375 0.8828125 0.028125 0.0375