2 0.36484375 0.08671875 0.0265625 0.0671875
2 0.8 0.10703125 0.053125 0.0265625
2 0.271875 0.65390625 0.0375 0.0421875
2 0.38515625 0.84453125 0.0359375 0.0515625
2 0.4703125 0.79375 0.059375 0.05
2 0.51484375 0.72265625 0.0265625 0.0546875
2 0.64296875 0.62890625 0.0484375 0.0578125
2 0.778125 0.79609375 0.03125 0.0515625
2 0.97109375 0.84296875 0.0453125 0.0453125
2 0.75859375 0.378125 0.0328125 0.05
2 0.67109375 0.48515625 0.0234375 0.0546875
2 0.94140625 0.37890625 0.0546875 0.0296875
2 0.95625 0.225 0.028125 0.0375
2 0.56484375 0.95 0.0328125 0.025
3 0.58046875 0.4015625 0.0140625 0.021875
3 0.60859375 0.4140625 0.0234375 0.03125
3 0.52109375 0.0859375 0.0203125 0.015625
3 0.4890625 0.0484375 0.03125 0.01875