1 0.31015625 0.1765625 0.0390625 0.040625
1 0.53203125 0.23671875 0.0390625 0.0328125
1 0.57578125 0.425 0.0421875 0.0375
1 0.18515625 0.4296875 0.0390625 0.046875
1 0.94296875 0.36796875 0.0453125 0.0453125
1 0.9828125 0.2796875 0.03125 0.0375
1 0.45234375 0.4109375 0.0390625 0.0375
1 0.275 0.403125 0.04375 0.040625
1 0.11640625 0.6703125 0.0390625 0.0375
1 0.66640625 0.04765625 0.0390625 0.0421875
2 0.57421875 0.06015625 0.0296875 0.0734375
2 0.7203125 0.228125 0.034375 0.08125
2 0.90078125 0.2390625 0.0578125 0.053125
2 0.3578125 0.86484375 0.06875 0.0578125
3 0.8359375 0.5578125 0.040625 0.04375