1 0.78984375 0.4359375 0.0140625 0.025
2 0.4734375 0.06171875 0.0375 0.0234375
2 0.690625 0.15859375 0.01875 0.0484375
2 0.88125 0.0734375 0.034375 0.034375
2 0.73984375 0.321875 0.0359375 0.025
2 0.98203125 0.41328125 0.0296875 0.0265625
2 0.9484375 0.49140625 0.040625 0.0203125
2 0.73515625 0.64375 0.0453125 0.034375
2 0.5625 0.49375 0.025 0.0375
2 0.52265625 0.42578125 0.0328125 0.0359375
2 0.5390625 0.34375 0.040625 0.025
2 0.615625 0.5328125 0.01875 0.0375
2 0.6859375 0.55859375 0.04375 0.0203125
3 0.69765625 0.3546875 0.0390625 0.021875
3 0.34296875 0.22890625 0.0171875 0.0328125
3 0.4296875 0.29609375 0.0125 0.0171875
3 0.5546875 0.2453125 0.01875 0.009375
3 0.57421875 0.35859375 0.0171875 0.0234375