0 0.73671875 0.07578125 0.0359375 0.0359375
0 0.96875 0.04296875 0.04375 0.0421875
0 0.75390625 0.39921875 0.0390625 0.0421875
2 0.465625 0.51640625 0.040625 0.0421875
2 0.65390625 0.50546875 0.0359375 0.0515625
2 0.58984375 0.0375 0.0359375 0.04375
2 0.54609375 0.0703125 0.0515625 0.028125
2 0.71171875 0.12890625 0.0453125 0.0296875
2 0.66484375 0.1984375 0.0296875 0.0625
2 0.61328125 0.24921875 0.0453125 0.0609375
2 0.8859375 0.2421875 0.059375 0.053125
2 0.5734375 0.3640625 0.0375 0.046875
2 0.51640625 0.42109375 0.0421875 0.0421875
2 0.44140625 0.284375 0.0265625 0.046875
2 0.2046875 0.17890625 0.03125 0.0515625
3 0.57265625 0.44296875 0.0265625 0.0328125