0 0.34296875 0.8515625 0.0421875 0.059375
0 0.5734375 0.521875 0.071875 0.04375
0 0.6296875 0.78359375 0.053125 0.0578125
0 0.93984375 0.19375 0.0453125 0.046875
0 0.83125 0.21640625 0.046875 0.0578125
0 0.7484375 0.38671875 0.040625 0.0390625
2 0.6265625 0.0890625 0.065625 0.08125
2 0.0984375 0.10859375 0.059375 0.0328125
2 0.790625 0.85625 0.059375 0.034375
2 0.80078125 0.76328125 0.0640625 0.0453125
2 0.975 0.8375 0.05625 0.04375
2 0.77890625 0.54921875 0.0515625 0.0578125
2 0.7609375 0.63671875 0.071875 0.0421875
2 0.76328125 0.45 0.0578125 0.04375
2 0.58359375 0.45625 0.0609375 0.034375