0 0.128125 0.0140625 0.04375 0.028125
0 0.56640625 0.5734375 0.0359375 0.021875
1 0.97109375 0.58671875 0.0171875 0.0171875
2 0.47578125 0.3046875 0.0203125 0.04375
2 0.83515625 0.49375 0.0171875 0.034375
2 0.78671875 0.25625 0.0359375 0.021875
2 0.61875 0.24140625 0.025 0.0328125
3 0.9484375 0.0625 0.0125 0.015625
3 0.98515625 0.11875 0.0296875 0.025
3 0.33828125 0.22421875 0.0328125 0.0203125
3 0.25546875 0.3453125 0.0265625 0.034375
3 0.32734375 0.36328125 0.0234375 0.0265625
3 0.38984375 0.475 0.0328125 0.021875
3 0.51484375 0.4859375 0.0359375 0.021875
3 0.36640625 0.65078125 0.0203125 0.0296875
3 0.75234375 0.62109375 0.0296875 0.0453125
3 0.72421875 0.6046875 0.0171875 0.01875
3 0.89296875 0.33515625 0.0359375 0.0203125
3 0.590625 0.1953125 0.015625 0.01875