0 0.0421875 0.62734375 0.028125 0.0296875
1 0.5296875 0.8265625 0.025 0.025
1 0.903125 0.7734375 0.03125 0.03125
1 0.4875 0.95625 0.025 0.021875
1 0.08203125 0.28125 0.0328125 0.028125
1 0.56875 0.57109375 0.034375 0.0296875
1 0.6609375 0.40703125 0.028125 0.0296875
2 0.36171875 0.16796875 0.0265625 0.0296875
2 0.184375 0.03203125 0.01875 0.0328125
2 0.87890625 0.0875 0.0203125 0.034375
2 0.759375 0.36640625 0.03125 0.0296875
2 0.56796875 0.88828125 0.0265625 0.0296875
2 0.803125 0.89296875 0.01875 0.0328125
2 0.63359375 0.61640625 0.0234375 0.0421875
2 0.5265625 0.43203125 0.028125 0.0328125
2 0.53671875 0.57734375 0.0203125 0.0328125
2 0.74921875 0.3984375 0.0296875 0.028125
2 0.6796875 0.33828125 0.025 0.0234375
2 0.72109375 0.31796875 0.0234375 0.0328125
3 0.1 0.18046875 0.128125 0.1171875
3 0.315625 0.590625 0.025 0.0375
3 0.640625 0.23828125 0.025 0.0359375
3 0.71328125 0.2296875 0.0296875 0.025
3 0.1421875 0.3515625 0.034375 0.01875