0 0.1046875 0.11015625 0.04375 0.0578125
0 0.79296875 0.17265625 0.0546875 0.0421875
0 0.97890625 0.02109375 0.0421875 0.0421875
0 0.09453125 0.5734375 0.0578125 0.0375
0 0.15859375 0.51953125 0.0359375 0.0390625
0 0.68828125 0.36484375 0.0515625 0.0359375
1 0.94296875 0.953125 0.0390625 0.040625
1 0.53984375 0.86875 0.0421875 0.040625
2 0.59296875 0.8234375 0.0640625 0.028125
2 0.70625 0.66875 0.046875 0.059375
2 0.1171875 0.35625 0.065625 0.034375
2 0.2171875 0.4375 0.046875 0.053125
2 0.41015625 0.47421875 0.0515625 0.0390625
2 0.45390625 0.40390625 0.0609375 0.0296875
2 0.546875 0.4046875 0.0625 0.05625
2 0.8375 0.28671875 0.075 0.0328125
3 0.221875 0.33203125 0.040625 0.0421875