0 0.1921875 0.67109375 0.05 0.0421875
0 0.13984375 0.1953125 0.0484375 0.05
1 0.94375 0.15234375 0.0375 0.0359375
1 0.35 0.6453125 0.028125 0.025
2 0.20625 0.4375 0.034375 0.08125
2 0.17890625 0.83984375 0.0609375 0.0453125
2 0.03046875 0.21328125 0.0453125 0.0578125
2 0.23359375 0.26015625 0.0296875 0.0578125
2 0.4859375 0.41484375 0.05 0.0328125
2 0.59140625 0.021875 0.0640625 0.025
2 0.84765625 0.26875 0.0640625 0.0375
2 0.94140625 0.4515625 0.0421875 0.053125
3 0.53515625 0.071875 0.0390625 0.034375