0 0.5703125 0.81953125 0.03125 0.0203125
0 0.8515625 0.78515625 0.034375 0.0234375
0 0.97890625 0.31015625 0.0265625 0.0328125
1 0.57578125 0.3421875 0.0265625 0.03125
1 0.1734375 0.5859375 0.025 0.025
1 0.4875 0.015625 0.021875 0.01875
2 0.30859375 0.571875 0.0390625 0.034375
2 0.034375 0.49375 0.01875 0.034375
2 0.55078125 0.7734375 0.0484375 0.025
2 0.6046875 0.76015625 0.040625 0.0328125
2 0.72265625 0.78125 0.0328125 0.021875
2 0.74921875 0.8328125 0.0265625 0.05625
2 0.67421875 0.521875 0.0328125 0.021875
2 0.8234375 0.38515625 0.021875 0.0328125
2 0.5046875 0.14375 0.025 0.028125
2 0.2609375 0.38984375 0.028125 0.0265625
2 0.98125 0.05703125 0.028125 0.0265625
3 0.73046875 0.8578125 0.0171875 0.028125
3 0.66015625 0.7078125 0.0265625 0.03125
3 0.75859375 0.4578125 0.0140625 0.0125
3 0.7796875 0.52265625 0.021875 0.0203125
3 0.7296875 0.0625 0.0125 0.0125
3 0.0921875 0.33359375 0.0375 0.0234375
3 0.1875 0.1171875 0.034375 0.025
3 0.146875 0.06171875 0.0125 0.0171875
3 0.278125 0.2484375 0.015625 0.015625
3 0.2734375 0.2015625 0.0125 0.009375
3 0.3515625 0.334375 0.0125 0.015625
3 0.5546875 0.4171875 0.03125 0.021875