0 0.70234375 0.890625 0.0328125 0.034375
0 0.071875 0.5984375 0.021875 0.015625
0 0.08203125 0.58828125 0.0234375 0.0171875
1 0.64140625 0.75078125 0.0234375 0.0234375
1 0.17109375 0.690625 0.0171875 0.01875
2 0.284375 0.3734375 0.0375 0.028125
2 0.0625 0.37109375 0.028125 0.0328125
2 0.1765625 0.521875 0.034375 0.0375
2 0.21171875 0.52109375 0.0328125 0.0421875
2 0.4453125 0.55546875 0.03125 0.0390625
3 0.38515625 0.428125 0.0484375 0.05625
3 0.21171875 0.909375 0.0140625 0.0125
3 0.1390625 0.409375 0.015625 0.015625
3 0.01953125 0.44296875 0.0140625 0.0109375
3 0.128125 0.47734375 0.03125 0.0171875