1 0.15078125 0.1078125 0.0421875 0.0375
1 0.3453125 0.06796875 0.040625 0.0421875
1 0.28671875 0.15625 0.0359375 0.0375
1 0.4859375 0.13671875 0.034375 0.0359375
1 0.4125 0.19296875 0.040625 0.0390625
1 0.665625 0.20234375 0.046875 0.0390625
1 0.3515625 0.2484375 0.0375 0.034375
1 0.4578125 0.38828125 0.040625 0.0421875
1 0.52265625 0.3046875 0.0390625 0.03125
1 0.0890625 0.9296875 0.0375 0.040625
1 0.3796875 0.8453125 0.040625 0.04375
1 0.36484375 0.90625 0.0359375 0.046875
1 0.7015625 0.70390625 0.04375 0.0390625
1 0.72578125 0.94296875 0.0359375 0.0390625
1 0.8265625 0.94375 0.040625 0.046875
1 0.79921875 0.65234375 0.0390625 0.0359375
1 0.18203125 0.51484375 0.0359375 0.0328125
1 0.525 0.53828125 0.040625 0.0328125
1 0.8265625 0.4890625 0.0375 0.040625
1 0.865625 0.44296875 0.040625 0.0390625
1 0.90234375 0.3625 0.0359375 0.0375
1 0.8796875 0.3046875 0.040625 0.0375
1 0.96875 0.3 0.0375 0.0375
1 0.9234375 0.55390625 0.05 0.0421875
1 0.02421875 0.2640625 0.0390625 0.0375
1 0.2359375 0.28359375 0.040625 0.0390625
1 0.67578125 0.34296875 0.0453125 0.0421875
1 0.79453125 0.10390625 0.0390625 0.0359375
1 0.28046875 0.8734375 0.0453125 0.04375
2 0.10234375 0.0703125 0.0484375 0.065625
2 0.2890625 0.090625 0.046875 0.05
2 0.2328125 0.11640625 0.059375 0.0265625
2 0.20859375 0.171875 0.0265625 0.059375
2 0.2421875 0.17265625 0.0375 0.0546875
2 0.321875 0.16328125 0.03125 0.0734375
2 0.4453125 0.06015625 0.065625 0.0234375
2 0.6046875 0.084375 0.04375 0.065625
2 0.43984375 0.11953125 0.0578125 0.0328125
2 0.459375 0.16640625 0.021875 0.0609375
2 0.4671875 0.209375 0.065625 0.034375
2 0.7421875 0.17265625 0.053125 0.0578125
2 0.8015625 0.1375 0.065625 0.028125
2 0.76328125 0.32890625 0.0546875 0.0671875
2 0.725 0.378125 0.03125 0.06875
2 0.521875 0.2734375 0.0625 0.04375
2 0.38671875 0.2671875 0.0328125 0.075
2 0.40703125 0.33671875 0.0609375 0.0515625
2 0.28828125 0.3703125 0.0515625 0.053125
2 0.3421875 0.3921875 0.053125 0.0625
2 0.5609375 0.384375 0.04375 0.028125
2 0.5953125 0.5 0.028125 0.06875
2 0.4203125 0.4875 0.0625 0.03125
2 0.48984375 0.5921875 0.0265625 0.075
2 0.5484375 0.6171875 0.05625 0.05
2 0.67265625 0.6203125 0.0640625 0.046875
2 0.021875 0.590625 0.034375 0.065625
2 0.096875 0.6046875 0.028125 0.059375
2 0.17421875 0.63046875 0.0296875 0.0703125
2 0.0515625 0.69453125 0.03125 0.0640625
2 0.08984375 0.78515625 0.0265625 0.0640625
2 0.07890625 0.846875 0.0453125 0.0625
2 0.0203125 0.82421875 0.034375 0.0734375
2 0.021875 0.915625 0.034375 0.071875
2 0.41875 0.9359375 0.034375 0.0625
2 0.453125 0.96171875 0.065625 0.0296875
2 0.38828125 0.79765625 0.0453125 0.0515625
2 0.309375 0.70234375 0.065625 0.0421875
2 0.3625 0.6390625 0.034375 0.059375
2 0.378125 0.5796875 0.03125 0.0625
2 0.32421875 0.57734375 0.0390625 0.0609375
2 0.7140625 0.975 0.04375 0.046875
3 0.32890625 0.521875 0.0328125 0.034375
3 0.1328125 0.278125 0.159375 0.153125
3 0.06328125 0.6484375 0.0578125 0.025