1 0.45390625 0.31875 0.0234375 0.025
1 0.80390625 0.153125 0.0265625 0.028125
2 0.9 0.5203125 0.03125 0.034375
2 0.47890625 0.690625 0.0296875 0.028125
2 0.58203125 0.15546875 0.0390625 0.0234375
2 0.6828125 0.065625 0.03125 0.0375
2 0.60078125 0.090625 0.0171875 0.0375
2 0.1203125 0.3640625 0.0375 0.034375
2 0.046875 0.3734375 0.0375 0.021875
2 0.09296875 0.26953125 0.0359375 0.0203125
2 0.1765625 0.11640625 0.025 0.0421875
2 0.15546875 0.03828125 0.0421875 0.0171875
2 0.171875 0.01328125 0.028125 0.0203125
3 0.11015625 0.58359375 0.0140625 0.0203125
3 0.1171875 0.52421875 0.01875 0.0171875
3 0.18125 0.7078125 0.015625 0.0125
3 0.3546875 0.71484375 0.021875 0.0140625
3 0.9234375 0.2 0.0875 0.03125
3 0.82109375 0.24375 0.0171875 0.0125
3 0.80859375 0.08203125 0.0421875 0.0203125
3 0.71015625 0.4703125 0.0171875 0.01875
3 0.2890625 0.4640625 0.0125 0.0125
3 0.33671875 0.490625 0.0171875 0.015625
3 0.40234375 0.59609375 0.0234375 0.0234375
3 0.440625 0.06640625 0.021875 0.0140625
3 0.5453125 0.13046875 0.009375 0.0109375