1 0.453125 0.17421875 0.01875 0.0296875
2 0.9 0.3796875 0.034375 0.040625
2 0.47734375 0.54375 0.0359375 0.03125
2 0.58125 0.01484375 0.03125 0.0265625
2 0.0890625 0.12734375 0.046875 0.0265625
2 0.0453125 0.2296875 0.0375 0.028125
2 0.11640625 0.21953125 0.0359375 0.0359375
3 0.92421875 0.0671875 0.0953125 0.04375
3 0.71328125 0.32578125 0.0203125 0.0140625
3 0.11640625 0.38125 0.0109375 0.0125
3 0.11015625 0.4390625 0.0140625 0.01875
3 0.18828125 0.56953125 0.0265625 0.0234375
3 0.35390625 0.57421875 0.0109375 0.0109375
3 0.19609375 0.68359375 0.0265625 0.0234375