0 0.209375 0.71484375 0.034375 0.0203125
0 0.05234375 0.7859375 0.0296875 0.021875
0 0.5921875 0.0375 0.03125 0.028125
0 0.584375 0.08828125 0.03125 0.0359375
0 0.7734375 0.14765625 0.0375 0.0265625
0 0.61484375 0.221875 0.0359375 0.03125
0 0.44609375 0.32421875 0.0421875 0.0203125
0 0.18203125 0.3109375 0.0234375 0.03125
0 0.7515625 0.2359375 0.03125 0.03125
2 0.23984375 0.8203125 0.0359375 0.04375
2 0.3046875 0.71640625 0.05 0.0234375
2 0.02578125 0.3875 0.0234375 0.0375
2 0.50546875 0.5015625 0.0296875 0.05
2 0.1828125 0.05546875 0.028125 0.0234375
2 0.47890625 0.22265625 0.0265625 0.0328125
3 0.315625 0.45625 0.034375 0.028125
3 0.63203125 0.1453125 0.0171875 0.028125
3 0.26484375 0.21015625 0.0140625 0.0140625
3 0.69453125 0.34765625 0.0140625 0.0140625