1 0.34140625 0.203125 0.0421875 0.0375
1 0.325 0.38671875 0.034375 0.0359375
1 0.365625 0.70625 0.040625 0.040625
1 0.3359375 0.86796875 0.040625 0.0390625
1 0.14453125 0.7 0.0421875 0.0375
1 0.2046875 0.73671875 0.04375 0.0359375
1 0.2734375 0.3203125 0.04375 0.04375
1 0.22265625 0.59453125 0.0578125 0.0421875
1 0.5046875 0.82109375 0.0375 0.0359375
1 0.24921875 0.3625 0.0296875 0.03125
1 0.39375 0.45078125 0.034375 0.0359375
2 0.20703125 0.63984375 0.0703125 0.0234375
3 0.140625 0.75546875 0.0375 0.0296875
3 0.07734375 0.7703125 0.0765625 0.05
3 0.05234375 0.85 0.0984375 0.028125