1 0.0265625 0.94375 0.040625 0.040625
1 0.12734375 0.55390625 0.0453125 0.0421875
1 0.02578125 0.48828125 0.0421875 0.0421875
1 0.0671875 0.44375 0.040625 0.0375
1 0.2734375 0.44453125 0.04375 0.0390625
1 0.07734375 0.30390625 0.0390625 0.0359375
1 0.103125 0.3609375 0.040625 0.0375
1 0.16875 0.29765625 0.0375 0.0390625
1 0.36328125 0.32734375 0.0328125 0.0328125
1 0.3359375 0.07109375 0.0375 0.0390625
1 0.50234375 0.02265625 0.0421875 0.0390625
2 0.52265625 0.23828125 0.0578125 0.0296875
2 0.48203125 0.384375 0.0703125 0.046875