0 0.621875 0.02109375 0.034375 0.0234375
0 0.0125 0.11875 0.025 0.0375
0 0.084375 0.1359375 0.034375 0.028125
0 0.04375 0.1890625 0.025 0.0375
0 0.2609375 0.14296875 0.034375 0.0328125
0 0.19921875 0.2703125 0.0234375 0.034375
0 0.15 0.334375 0.034375 0.028125
0 0.259375 0.6 0.034375 0.03125
0 0.11875 0.75625 0.034375 0.034375
0 0.1390625 0.8 0.0375 0.0375
0 0.84609375 0.4671875 0.0234375 0.03125
0 0.1546875 0.875 0.034375 0.034375
0 0.203125 0.8765625 0.028125 0.0375
0 0.1 0.896875 0.034375 0.03125
0 0.1734375 0.9375 0.025 0.03125
0 0.84140625 0.42578125 0.0171875 0.0328125
0 0.53359375 0.83828125 0.0296875 0.0421875
0 0.28203125 0.26796875 0.0390625 0.0296875
0 0.7484375 0.93828125 0.01875 0.0328125
1 0.96171875 0.46484375 0.0234375 0.0328125
2 0.934375 0.065625 0.034375 0.025
2 0.3109375 0.1984375 0.04375 0.028125
2 0.83046875 0.50390625 0.0390625 0.0390625
2 0.3 0.825 0.034375 0.0375
2 0.2421875 0.96484375 0.03125 0.0328125
2 0.64296875 0.7875 0.0203125 0.04375
2 0.68984375 0.8921875 0.0328125 0.040625
3 0.640625 0.1046875 0.03125 0.028125
3 0.56875 0.1921875 0.028125 0.028125
3 0.46796875 0.1828125 0.0203125 0.028125
3 0.50859375 0.1515625 0.0203125 0.0375
3 0.896875 0.203125 0.025 0.021875
3 0.6109375 0.57421875 0.21875 0.2015625
3 0.175 0.63046875 0.115625 0.1015625
3 0.0328125 0.5671875 0.065625 0.075
3 0.95390625 0.971875 0.0171875 0.03125
3 0.81796875 0.2140625 0.0296875 0.03125
3 0.9890625 0.88515625 0.015625 0.0328125
3 0.85859375 0.2328125 0.0265625 0.028125
3 0.9390625 0.15390625 0.025 0.0296875
4 0.01171875 0.725 0.0234375 0.053125