2 0.89375 0.69453125 0.05 0.0546875
3 0.9140625 0.61875 0.040625 0.025
3 0.828125 0.76171875 0.034375 0.0234375
4 0.47578125 0.07421875 0.1421875 0.1421875
4 0.5109375 0.45234375 0.1125 0.0953125
4 0.56640625 0.9578125 0.1109375 0.090625
4 0.465625 0.790625 0.0375 0.05
4 0.03671875 0.30859375 0.0203125 0.0203125
4 0.153125 0.31328125 0.025 0.0265625
4 0.21484375 0.28046875 0.0171875 0.0171875
4 0.0609375 0.1703125 0.015625 0.0125
4 0.1453125 0.48671875 0.0125 0.0171875
4 0.58828125 0.22109375 0.0234375 0.0234375