0 0.734375 0.259375 0.034375 0.03125
0 0.815625 0.3671875 0.0375 0.0375
0 0.05703125 0.021875 0.0453125 0.028125
0 0.65703125 0.25 0.0421875 0.025
0 0.9234375 0.10703125 0.025 0.0359375
0 0.61640625 0.69609375 0.0421875 0.0234375
2 0.034375 0.215625 0.01875 0.046875
2 0.4546875 0.1609375 0.053125 0.025
2 0.87890625 0.31328125 0.0515625 0.0328125
2 0.9671875 0.521875 0.034375 0.05
2 0.9875 0.1421875 0.021875 0.046875
3 0.8875 0.69140625 0.0375 0.0203125
3 0.5125 0.784375 0.040625 0.028125
3 0.684375 0.6390625 0.0375 0.0375
3 0.8015625 0.515625 0.034375 0.0375
3 0.796875 0.8921875 0.040625 0.028125
3 0.446875 0.465625 0.0375 0.021875