0 0.7046875 0.04921875 0.028125 0.0484375
0 0.7578125 0.096875 0.0375 0.034375
0 0.4546875 0.6734375 0.03125 0.0375
0 0.98359375 0.78046875 0.0265625 0.0359375
0 0.80859375 0.07890625 0.0421875 0.0390625
0 0.76953125 0.24609375 0.0328125 0.0421875
0 0.78203125 0.31796875 0.0359375 0.0390625
0 0.871875 0.29140625 0.025 0.0421875
2 0.6125 0.04375 0.034375 0.034375
3 0.8265625 0.653125 0.028125 0.021875
4 0.27421875 0.6140625 0.0328125 0.028125
4 0.1421875 0.85625 0.13125 0.0625
4 0.27578125 0.77734375 0.0484375 0.0328125
4 0.30546875 0.68046875 0.0171875 0.0234375
4 0.2671875 0.6546875 0.021875 0.015625
4 0.209375 0.6046875 0.046875 0.059375
4 0.23671875 0.46015625 0.0171875 0.0203125
4 0.09375 0.56328125 0.134375 0.0859375
4 0.03515625 0.37734375 0.0546875 0.0359375
4 0.209375 0.284375 0.028125 0.025
4 0.134375 0.11640625 0.115625 0.1203125
4 0.1640625 0.0078125 0.03125 0.025