0 0.446875 0.15625 0.040625 0.034375
0 0.584375 0.1984375 0.03125 0.04375
0 0.3640625 0.3328125 0.0375 0.025
0 0.0625 0.81015625 0.028125 0.0421875
0 0.54375 0.8390625 0.0375 0.034375
0 0.134375 0.3875 0.03125 0.0375
0 0.0140625 0.96875 0.025 0.0375
0 0.12890625 0.9828125 0.0203125 0.028125
0 0.9171875 0.9625 0.03125 0.0375
0 0.16328125 0.69453125 0.0421875 0.0296875
0 0.09140625 0.4484375 0.0359375 0.0375
0 0.01484375 0.396875 0.0265625 0.034375
0 0.2 0.2828125 0.025 0.0375
2 0.13671875 0.0203125 0.0421875 0.034375
2 0.0203125 0.7453125 0.0375 0.0375
2 0.184375 0.84375 0.0375 0.034375
2 0.82734375 0.66796875 0.0359375 0.0390625
2 0.63828125 0.59453125 0.0296875 0.0421875
2 0.571875 0.56875 0.025 0.04375
3 0.33671875 0.553125 0.0140625 0.028125
3 0.75625 0.88984375 0.046875 0.0328125
4 0.88046875 0.346875 0.0671875 0.134375
4 0.79453125 0.33515625 0.0453125 0.0640625
4 0.86875 0.46328125 0.046875 0.0234375
4 0.79609375 0.134375 0.0671875 0.225
4 0.675 0.03046875 0.04375 0.0453125
4 0.9796875 0.06328125 0.01875 0.0515625
4 0.8640625 0.09609375 0.059375 0.0421875
4 0.9578125 0.20390625 0.065625 0.0265625
4 0.959375 0.325 0.021875 0.040625