0 0.36796875 0.49375 0.0390625 0.04375
0 0.83046875 0.5046875 0.0609375 0.0375
1 0.0765625 0.93515625 0.034375 0.0328125
2 0.24375 0.0921875 0.0625 0.040625
2 0.665625 0.07109375 0.046875 0.0328125
2 0.5109375 0.61875 0.05625 0.0375
2 0.05625 0.22109375 0.071875 0.0578125
2 0.5375 0.94296875 0.046875 0.0578125
2 0.53984375 0.85546875 0.0234375 0.0546875
2 0.46484375 0.80859375 0.0421875 0.0484375
2 0.5703125 0.365625 0.03125 0.053125
2 0.59296875 0.52265625 0.0328125 0.0609375
2 0.95859375 0.9109375 0.0546875 0.040625
2 0.446875 0.1171875 0.0375 0.04375
2 0.5515625 0.171875 0.025 0.053125
2 0.6578125 0.38828125 0.025 0.0515625
3 0.609375 0.621875 0.04375 0.034375
3 0.746875 0.1046875 0.034375 0.03125
3 0.42578125 0.55703125 0.0515625 0.0484375