0 0.034375 0.13671875 0.034375 0.0328125
0 0.0515625 0.234375 0.0375 0.040625
0 0.16484375 0.1421875 0.0421875 0.0375
0 0.26171875 0.22265625 0.0296875 0.0390625
0 0.3890625 0.23359375 0.034375 0.0390625
0 0.853125 0.171875 0.025 0.034375
0 0.75 0.225 0.03125 0.0375
0 0.578125 0.18671875 0.0375 0.0328125
0 0.646875 0.4234375 0.028125 0.03125
0 0.0640625 0.78671875 0.028125 0.0328125
0 0.0359375 0.915625 0.03125 0.034375
0 0.140625 0.853125 0.0375 0.034375
0 0.1890625 0.853125 0.028125 0.03125
0 0.415625 0.7359375 0.034375 0.028125
0 0.45625 0.75 0.034375 0.028125
0 0.42265625 0.8328125 0.0296875 0.034375
0 0.29765625 0.70390625 0.0359375 0.0359375
1 0.66796875 0.37265625 0.0296875 0.0296875
2 0.7484375 0.2984375 0.034375 0.04375
2 0.58203125 0.66171875 0.0484375 0.0265625
2 0.22734375 0.0578125 0.0578125 0.025
3 0.83125 0.73125 0.04375 0.03125
3 0.8578125 0.49609375 0.0625 0.0546875
3 0.71875 0.54375 0.125 0.128125
3 0.5296875 0.48125 0.13125 0.125
4 0.9890625 0.56640625 0.025 0.0796875