0 0.1546875 0.46484375 0.03125 0.0328125
0 0.09609375 0.6640625 0.0328125 0.034375
0 0.8515625 0.490625 0.028125 0.034375
0 0.87421875 0.7453125 0.0421875 0.03125
0 0.8875 0.7875 0.028125 0.04375
0 0.9328125 0.928125 0.028125 0.0375
2 0.0578125 0.6375 0.04375 0.034375
2 0.0625 0.36875 0.0375 0.053125
2 0.496875 0.0265625 0.046875 0.028125
2 0.971875 0.9109375 0.034375 0.028125
3 0.98125 0.51484375 0.03125 0.0421875
3 0.89375 0.3625 0.021875 0.0375
3 0.85703125 0.97421875 0.0234375 0.0390625
4 0.88671875 0.9859375 0.0328125 0.025