0 0.7125 0.121875 0.034375 0.0375
0 0.88203125 0.97109375 0.0390625 0.0328125
0 0.9796875 0.8046875 0.03125 0.04375
0 0.73046875 0.5875 0.0390625 0.040625
0 0.65078125 0.546875 0.0328125 0.05
0 0.790625 0.29765625 0.03125 0.0453125
0 0.646875 0.16015625 0.040625 0.0265625
0 0.609375 0.215625 0.040625 0.025
0 0.58671875 0.2875 0.0265625 0.04375
0 0.796875 0.1421875 0.03125 0.040625
1 0.70859375 0.38984375 0.0234375 0.0265625
2 0.9796875 0.290625 0.0375 0.025
2 0.5 0.3359375 0.034375 0.046875
2 0.8234375 0.340625 0.03125 0.040625
2 0.5953125 0.67421875 0.03125 0.0421875
3 0.8671875 0.73984375 0.03125 0.0421875
4 0.165625 0.21328125 0.296875 0.4171875
4 0.12578125 0.76875 0.1296875 0.353125