0 0.45 0.1703125 0.028125 0.0375
0 0.253125 0.5921875 0.04375 0.0375
0 0.340625 0.925 0.0375 0.040625
0 0.3421875 0.14296875 0.03125 0.0359375
0 0.478125 0.70234375 0.028125 0.0296875
0 0.4234375 0.7 0.0375 0.025
2 0.54375 0.03828125 0.05 0.0328125
2 0.6328125 0.053125 0.04375 0.025
2 0.60390625 0.10625 0.0359375 0.034375
2 0.59296875 0.20859375 0.0328125 0.0328125
2 0.575 0.275 0.01875 0.05
2 0.8046875 0.284375 0.028125 0.034375
2 0.98203125 0.32109375 0.0328125 0.0515625
2 0.778125 0.60625 0.025 0.05
2 0.2859375 0.77734375 0.028125 0.0421875
2 0.834375 0.896875 0.034375 0.04375
2 0.84921875 0.8546875 0.0359375 0.021875
3 0.79375 0.2078125 0.034375 0.028125
3 0.38125 0.13203125 0.034375 0.0296875
3 0.7921875 0.1390625 0.03125 0.025
3 0.86640625 0.75859375 0.0328125 0.0296875
3 0.81015625 0.81171875 0.0359375 0.0265625
3 0.5734375 0.8265625 0.034375 0.028125
3 0.5171875 0.87890625 0.0375 0.0265625
3 0.11484375 0.8375 0.0265625 0.034375