0 0.765625 0.621875 0.025 0.03125
0 0.65546875 0.0171875 0.0421875 0.034375
0 0.396875 0.9453125 0.025 0.0375
0 0.33046875 0.88671875 0.0328125 0.0359375
0 0.1046875 0.10234375 0.0375 0.0296875
2 0.10390625 0.8859375 0.0265625 0.040625
2 0.94375 0.12109375 0.034375 0.0453125
4 0.14609375 0.8875 0.0296875 0.05
4 0.1 0.9328125 0.025 0.025
4 0.10390625 0.83046875 0.0765625 0.0671875
4 0.1140625 0.865625 0.015625 0.01875
4 0.15234375 0.81484375 0.0203125 0.0265625
4 0.18125 0.89921875 0.01875 0.0203125